aoa	lift	drag	lvsd
-5.0	-0.695	0.080	-8.735
-4.9	-0.651	0.090	-7.270
-4.8	-0.607	0.099	-6.123
-4.7	-0.562	0.108	-5.195
-4.6	-0.518	0.117	-4.425
-4.5	-0.474	0.126	-3.772
-4.4	-0.430	0.134	-3.210
-4.3	-0.386	0.142	-2.718
-4.2	-0.342	0.150	-2.283
-4.1	-0.298	0.157	-1.893
-4.0	-0.254	0.165	-1.541
-3.9	-0.210	0.172	-1.221
-3.8	-0.166	0.179	-0.928
-3.7	-0.122	0.186	-0.657
-3.6	-0.078	0.192	-0.406
-3.5	-0.034	0.199	-0.172
-3.4	0.010	0.205	0.047
-3.3	0.053	0.212	0.252
-3.2	0.097	0.218	0.446
-3.1	0.141	0.224	0.629
-3.0	0.184	0.230	0.802
-2.9	0.228	0.236	0.967
-2.8	0.272	0.242	1.123
-2.7	0.315	0.248	1.273
-2.6	0.359	0.253	1.416
-2.5	0.402	0.259	1.553
-2.4	0.446	0.265	1.684
-2.3	0.489	0.270	1.810
-2.2	0.533	0.276	1.931
-2.1	0.576	0.281	2.048
-2.0	0.620	0.287	2.160
-1.9	0.663	0.292	2.268
-1.8	0.707	0.298	2.373
-1.7	0.750	0.303	2.474
-1.6	0.793	0.308	2.571
-1.5	0.837	0.314	2.666
-1.4	0.880	0.319	2.758
-1.3	0.923	0.324	2.848
-1.2	0.966	0.329	2.934
-1.1	1.009	0.334	3.019
-1.0	1.053	0.339	3.101
-0.9	1.096	0.345	3.180
-0.8	1.139	0.350	3.258
-0.7	1.182	0.355	3.333
-0.6	1.225	0.360	3.407
-0.5	1.268	0.365	3.478
-0.4	1.311	0.370	3.548
-0.3	1.354	0.375	3.615
-0.2	1.397	0.380	3.681
-0.1	1.440	0.385	3.745
-0.0	1.483	0.390	3.807
0.1	1.526	0.395	3.868
0.2	1.569	0.400	3.926
0.3	1.612	0.405	3.984
0.4	1.654	0.410	4.039
0.5	1.697	0.415	4.093
0.6	1.740	0.420	4.146
0.7	1.783	0.425	4.197
0.8	1.825	0.430	4.247
0.9	1.868	0.435	4.295
1.0	1.911	0.440	4.342
1.1	1.953	0.445	4.388
1.2	1.996	0.450	4.432
1.3	2.038	0.455	4.475
1.4	2.081	0.461	4.517
1.5	2.123	0.466	4.557
1.6	2.166	0.471	4.597
1.7	2.208	0.476	4.635
1.8	2.250	0.482	4.672
1.9	2.293	0.487	4.708
2.0	2.335	0.492	4.742
2.1	2.377	0.498	4.776
2.2	2.419	0.503	4.809
2.3	2.462	0.509	4.841
2.4	2.504	0.514	4.871
2.5	2.546	0.519	4.901
2.6	2.588	0.525	4.930
2.7	2.630	0.531	4.957
2.8	2.672	0.536	4.984
2.9	2.714	0.542	5.010
3.0	2.756	0.547	5.035
3.1	2.798	0.553	5.059
3.2	2.840	0.559	5.083
3.3	2.881	0.564	5.105
3.4	2.923	0.570	5.127
3.5	2.965	0.576	5.148
3.6	3.006	0.582	5.168
3.7	3.048	0.588	5.188
3.8	3.090	0.593	5.206
3.9	3.131	0.599	5.224
4.0	3.173	0.605	5.242
4.1	3.214	0.611	5.258
4.2	3.255	0.617	5.274
4.3	3.297	0.623	5.289
4.4	3.338	0.629	5.304
4.5	3.379	0.635	5.318
4.6	3.421	0.642	5.332
4.7	3.462	0.648	5.344
4.8	3.503	0.654	5.357
4.9	3.544	0.660	5.368
5.0	3.585	0.666	5.379
5.1	3.626	0.673	5.390
5.2	3.667	0.679	5.399
5.3	3.707	0.686	5.403
5.4	3.748	0.693	5.406
5.5	3.789	0.700	5.409
5.6	3.830	0.708	5.412
5.7	3.870	0.715	5.414
5.8	3.911	0.722	5.416
5.9	3.951	0.729	5.418
6.0	3.991	0.737	5.419
6.1	4.032	0.744	5.420
6.2	4.072	0.751	5.421
6.3	4.112	0.759	5.421
6.4	4.153	0.766	5.421
6.5	4.193	0.773	5.421
6.6	4.233	0.781	5.420
6.7	4.273	0.788	5.419
6.8	4.313	0.796	5.418
6.9	4.352	0.804	5.416
7.0	4.392	0.811	5.415
7.1	4.432	0.819	5.413
7.2	4.472	0.826	5.410
7.3	4.511	0.834	5.408
7.4	4.551	0.842	5.405
7.5	4.590	0.850	5.402
7.6	4.630	0.857	5.399
7.7	4.669	0.865	5.396
7.8	4.708	0.873	5.392
7.9	4.748	0.881	5.389
8.0	4.787	0.889	5.385
8.1	4.826	0.897	5.380
8.2	4.865	0.905	5.376
8.3	4.902	0.913	5.372
8.4	4.939	0.920	5.367
8.5	4.975	0.928	5.362
8.6	5.009	0.935	5.357
8.7	5.042	0.942	5.352
8.8	5.075	0.949	5.346
8.9	5.106	0.956	5.341
9.0	5.136	0.963	5.335
9.1	5.166	0.969	5.330
9.2	5.194	0.976	5.324
9.3	5.219	0.982	5.318
9.4	5.242	0.987	5.311
9.5	5.262	0.992	5.304
9.6	5.278	0.997	5.296
9.7	5.292	1.001	5.287
9.8	5.302	1.004	5.279
9.9	5.308	1.007	5.270
10.0	5.312	1.010	5.260
10.1	5.312	1.012	5.250
10.2	5.310	1.013	5.240
10.3	5.304	1.014	5.229
10.4	5.295	1.015	5.218
10.5	5.283	1.015	5.207
10.6	5.269	1.014	5.195
10.7	5.251	1.013	5.183
10.8	5.230	1.012	5.171
10.9	5.207	1.010	5.158
11.0	5.181	1.007	5.145
11.1	5.152	1.004	5.132
11.2	5.121	1.000	5.118
11.3	5.087	0.997	5.104
11.4	5.050	0.992	5.090
11.5	5.011	0.987	5.076
11.6	4.969	0.982	5.061
11.7	4.925	0.976	5.046
11.8	4.879	0.970	5.031
11.9	4.831	0.963	5.016
12.0	4.780	0.956	5.000
12.1	4.727	0.948	4.984
12.2	4.672	0.940	4.968
12.3	4.616	0.932	4.952
12.4	4.557	0.923	4.935
12.5	4.497	0.914	4.918
12.6	4.435	0.905	4.901
12.7	4.371	0.895	4.883
12.8	4.306	0.885	4.865
12.9	4.240	0.875	4.847
13.0	4.172	0.864	4.829
13.1	4.103	0.853	4.810
13.2	4.033	0.842	4.791
13.3	3.962	0.830	4.772
13.4	3.890	0.819	4.752
13.5	3.817	0.807	4.733
13.6	3.744	0.794	4.712
13.7	3.669	0.782	4.692
13.8	3.595	0.770	4.671
13.9	3.520	0.757	4.650
14.0	3.445	0.744	4.629
14.1	3.369	0.731	4.607
14.2	3.294	0.718	4.585
14.3	3.219	0.706	4.563
14.4	3.144	0.693	4.540
14.5	3.070	0.680	4.517
14.6	2.996	0.667	4.494
14.7	2.922	0.654	4.470
14.8	2.850	0.641	4.446
14.9	2.778	0.628	4.422
15.0	2.708	0.616	4.398
15.1	2.638	0.603	4.373
15.2	2.571	0.591	4.348
15.3	2.504	0.579	4.324
15.4	2.439	0.568	4.299
15.5	2.377	0.556	4.274
15.6	2.316	0.545	4.249
15.7	2.257	0.534	4.224
15.8	2.201	0.524	4.199
15.9	2.147	0.514	4.174
16.0	2.096	0.505	4.150
16.1	2.047	0.496	4.127
16.2	2.002	0.488	4.104
16.3	1.959	0.480	4.082
16.4	1.920	0.473	4.061
16.5	1.885	0.467	4.040
16.6	1.853	0.461	4.021
16.7	1.826	0.456	4.004
16.8	1.801	0.452	3.988
16.9	1.778	0.448	3.973
17.0	1.759	0.444	3.960
17.1	1.743	0.442	3.948
17.2	1.730	0.439	3.939
17.3	1.721	0.438	3.931
17.4	1.714	0.437	3.925
17.5	1.710	0.436	3.920
17.6	1.710	0.437	3.917
17.7	1.713	0.437	3.916
17.8	1.716	0.438	3.915
17.9	1.718	0.439	3.913
18.0	1.721	0.440	3.911
18.1	1.723	0.441	3.909
18.2	1.725	0.442	3.906
18.3	1.727	0.443	3.902
18.4	1.729	0.443	3.898
18.5	1.730	0.444	3.894
18.6	1.732	0.445	3.890
18.7	1.734	0.446	3.886
18.8	1.736	0.447	3.881
18.9	1.737	0.448	3.876
19.0	1.739	0.449	3.871
19.1	1.740	0.450	3.866
19.2	1.741	0.451	3.861
19.3	1.741	0.452	3.855
19.4	1.742	0.452	3.850
19.5	1.742	0.453	3.844
19.6	1.742	0.454	3.838
19.7	1.742	0.454	3.832
19.8	1.741	0.455	3.826
19.9	1.740	0.456	3.820
20.0	1.740	0.456	3.813
20.1	1.739	0.457	3.807
20.2	1.738	0.457	3.801
20.3	1.736	0.458	3.794
20.4	1.735	0.458	3.788
20.5	1.734	0.458	3.781
20.6	1.732	0.459	3.774
20.7	1.730	0.459	3.768
20.8	1.729	0.460	3.761
20.9	1.727	0.460	3.754
21.0	1.725	0.460	3.748
21.1	1.723	0.461	3.741
21.2	1.722	0.461	3.735
21.3	1.720	0.461	3.728
21.4	1.718	0.462	3.722
21.5	1.716	0.462	3.715
21.6	1.715	0.462	3.709
21.7	1.713	0.463	3.703
21.8	1.712	0.463	3.696
21.9	1.710	0.463	3.690
22.0	1.709	0.464	3.685
22.1	1.708	0.464	3.679
22.2	1.708	0.465	3.673
22.3	1.707	0.465	3.668
22.4	1.707	0.466	3.662
22.5	1.707	0.467	3.657
22.6	1.707	0.467	3.652
22.7	1.708	0.468	3.648
22.8	1.709	0.469	3.643
22.9	1.710	0.470	3.639
23.0	1.712	0.471	3.635
23.1	1.714	0.472	3.631
23.2	1.717	0.473	3.627
23.3	1.720	0.475	3.624
23.4	1.723	0.476	3.621
23.5	1.728	0.477	3.618
23.6	1.732	0.479	3.616
23.7	1.738	0.481	3.614
23.8	1.744	0.483	3.612
23.9	1.750	0.485	3.610
24.0	1.758	0.487	3.609
24.1	1.766	0.489	3.608
24.2	1.774	0.492	3.607
24.3	1.783	0.494	3.607
24.4	1.791	0.497	3.606
24.5	1.800	0.499	3.604
24.6	1.808	0.502	3.603
24.7	1.816	0.504	3.602
24.8	1.824	0.507	3.600
24.9	1.832	0.509	3.599
