knots	drag
0.000	-0.123
0.100	-0.116
0.200	-0.110
0.300	-0.104
0.400	-0.098
0.500	-0.092
0.600	-0.087
0.700	-0.082
0.800	-0.077
0.900	-0.072
1.000	-0.068
1.100	-0.064
1.200	-0.060
1.300	-0.056
1.400	-0.052
1.500	-0.049
1.600	-0.045
1.700	-0.042
1.800	-0.039
1.900	-0.036
2.000	-0.033
2.100	-0.030
2.200	-0.027
2.300	-0.025
2.400	-0.022
2.500	-0.020
2.600	-0.017
2.700	-0.015
2.800	-0.013
2.900	-0.011
3.000	-0.009
3.100	-0.007
3.200	-0.005
3.300	-0.003
3.400	-0.001
3.500	0.001
3.600	0.002
3.700	0.004
3.800	0.005
3.900	0.007
4.000	0.008
4.100	0.009
4.200	0.011
4.300	0.012
4.400	0.013
4.500	0.014
4.600	0.015
4.700	0.016
4.800	0.017
4.900	0.018
5.000	0.019
5.100	0.020
5.200	0.020
5.300	0.021
5.400	0.022
5.500	0.023
5.600	0.023
5.700	0.024
5.800	0.025
5.900	0.025
6.000	0.026
6.100	0.026
6.200	0.027
6.300	0.027
6.400	0.028
6.500	0.028
6.600	0.029
6.700	0.029
6.800	0.030
6.900	0.030
7.000	0.031
7.100	0.031
7.200	0.032
7.300	0.032
7.400	0.032
7.500	0.033
7.600	0.033
7.700	0.033
7.800	0.034
7.900	0.034
8.000	0.034
8.100	0.035
8.200	0.035
8.300	0.035
8.400	0.036
8.500	0.036
8.600	0.036
8.700	0.036
8.800	0.037
8.900	0.037
9.000	0.037
9.100	0.037
9.200	0.038
9.300	0.038
9.400	0.038
9.500	0.038
9.600	0.039
9.700	0.039
9.800	0.039
9.900	0.039
10.000	0.039
10.100	0.040
10.200	0.040
10.300	0.040
10.400	0.040
10.500	0.040
10.600	0.041
10.700	0.041
10.800	0.041
10.900	0.041
11.000	0.041
11.100	0.041
11.200	0.042
11.300	0.042
11.400	0.042
11.500	0.042
11.600	0.042
11.700	0.042
11.800	0.042
11.900	0.043
12.000	0.043
12.100	0.043
12.200	0.043
12.300	0.043
12.400	0.043
12.500	0.043
12.600	0.044
12.700	0.044
12.800	0.044
12.900	0.044
13.000	0.044
13.100	0.044
13.200	0.044
13.300	0.045
13.400	0.045
13.500	0.045
13.600	0.045
13.700	0.045
13.800	0.045
13.900	0.045
14.000	0.045
14.100	0.045
14.200	0.046
14.300	0.046
14.400	0.046
14.500	0.046
14.600	0.046
14.700	0.046
14.800	0.046
14.900	0.046
15.000	0.046
15.100	0.047
15.200	0.047
15.300	0.047
15.400	0.047
15.500	0.047
15.600	0.047
15.700	0.047
15.800	0.047
15.900	0.047
16.000	0.048
16.100	0.048
16.200	0.048
16.300	0.048
16.400	0.048
16.500	0.048
16.600	0.048
16.700	0.048
16.800	0.048
16.900	0.048
17.000	0.049
17.100	0.049
17.200	0.049
17.300	0.049
17.400	0.049
17.500	0.049
17.600	0.049
17.700	0.049
17.800	0.049
17.900	0.049
18.000	0.050
18.100	0.050
18.200	0.050
18.300	0.050
18.400	0.050
18.500	0.050
18.600	0.050
18.700	0.050
18.800	0.050
18.900	0.050
19.000	0.051
19.100	0.051
19.200	0.051
19.300	0.051
19.400	0.051
19.500	0.051
19.600	0.051
19.700	0.051
19.800	0.051
19.900	0.051
20.000	0.052
20.100	0.052
20.200	0.052
20.300	0.052
20.400	0.052
20.500	0.052
20.600	0.052
20.700	0.052
20.800	0.052
20.900	0.052
21.000	0.053
21.100	0.053
21.200	0.053
21.300	0.053
21.400	0.053
21.500	0.053
21.600	0.053
21.700	0.053
21.800	0.053
21.900	0.053
22.000	0.054
22.100	0.054
22.200	0.054
22.300	0.054
22.400	0.054
22.500	0.054
22.600	0.054
22.700	0.054
22.800	0.054
22.900	0.054
23.000	0.055
23.100	0.055
23.200	0.055
23.300	0.055
23.400	0.055
23.500	0.055
23.600	0.055
23.700	0.055
23.800	0.055
23.900	0.056
24.000	0.056
24.100	0.056
24.200	0.056
24.300	0.056
24.400	0.056
24.500	0.056
24.600	0.056
24.700	0.056
24.800	0.056
24.900	0.057
25.000	0.057
25.100	0.057
25.200	0.057
25.300	0.057
25.400	0.057
25.500	0.057
25.600	0.057
25.700	0.057
25.800	0.058
25.900	0.058
26.000	0.058
26.100	0.058
26.200	0.058
26.300	0.058
26.400	0.058
26.500	0.058
26.600	0.058
26.700	0.059
26.800	0.059
26.900	0.059
27.000	0.059
27.100	0.059
27.200	0.059
27.300	0.059
27.400	0.059
27.500	0.060
27.600	0.060
27.700	0.060
27.800	0.060
27.900	0.060
28.000	0.060
28.100	0.060
28.200	0.060
28.300	0.060
28.400	0.061
28.500	0.061
28.600	0.061
28.700	0.061
28.800	0.061
28.900	0.061
29.000	0.061
29.100	0.061
29.200	0.062
29.300	0.062
29.400	0.062
29.500	0.062
29.600	0.062
29.700	0.062
29.800	0.062
29.900	0.062
30.000	0.063
30.100	0.063
30.200	0.063
30.300	0.063
30.400	0.063
30.500	0.063
30.600	0.063
30.700	0.063
30.800	0.064
30.900	0.064
31.000	0.064
31.100	0.064
31.200	0.064
31.300	0.064
31.400	0.064
31.500	0.064
31.600	0.065
31.700	0.065
31.800	0.065
31.900	0.065
32.000	0.065
32.100	0.065
32.200	0.065
32.300	0.066
32.400	0.066
32.500	0.066
32.600	0.066
32.700	0.066
32.800	0.066
32.900	0.066
33.000	0.066
33.100	0.067
33.200	0.067
33.300	0.067
33.400	0.067
33.500	0.067
33.600	0.067
33.700	0.067
33.800	0.068
33.900	0.068
34.000	0.068
34.100	0.068
34.200	0.068
34.300	0.068
34.400	0.068
34.500	0.069
34.600	0.069
34.700	0.069
34.800	0.069
34.900	0.069
35.000	0.069
35.100	0.069
35.200	0.070
35.300	0.070
35.400	0.070
35.500	0.070
35.600	0.070
35.700	0.070
35.800	0.070
35.900	0.071
36.000	0.071
36.100	0.071
36.200	0.071
36.300	0.071
36.400	0.071
36.500	0.072
36.600	0.072
36.700	0.072
36.800	0.072
36.900	0.072
37.000	0.072
37.100	0.072
37.200	0.073
37.300	0.073
37.400	0.073
37.500	0.073
37.600	0.073
37.700	0.073
37.800	0.074
37.900	0.074
38.000	0.074
38.100	0.074
38.200	0.074
38.300	0.074
38.400	0.074
38.500	0.075
38.600	0.075
38.700	0.075
38.800	0.075
38.900	0.075
39.000	0.075
39.100	0.076
39.200	0.076
39.300	0.076
39.400	0.076
39.500	0.076
39.600	0.076
39.700	0.077
39.800	0.077
39.900	0.077
40.000	0.077
40.100	0.077
40.200	0.077
40.300	0.078
40.400	0.078
40.500	0.078
40.600	0.078
40.700	0.078
40.800	0.078
40.900	0.079
41.000	0.079
41.100	0.079
41.200	0.079
41.300	0.079
41.400	0.079
41.500	0.080
41.600	0.080
41.700	0.080
41.800	0.080
41.900	0.080
42.000	0.080
42.100	0.081
42.200	0.081
42.300	0.081
42.400	0.081
42.500	0.081
42.600	0.081
42.700	0.082
42.800	0.082
42.900	0.082
43.000	0.082
43.100	0.082
43.200	0.083
43.300	0.083
43.400	0.083
43.500	0.083
43.600	0.083
43.700	0.083
43.800	0.084
43.900	0.084
44.000	0.084
44.100	0.084
44.200	0.084
44.300	0.085
44.400	0.085
44.500	0.085
44.600	0.085
44.700	0.085
44.800	0.085
44.900	0.086
45.000	0.086
45.100	0.086
45.200	0.086
45.300	0.086
45.400	0.087
45.500	0.087
45.600	0.087
45.700	0.087
45.800	0.087
45.900	0.087
46.000	0.088
46.100	0.088
46.200	0.088
46.300	0.088
46.400	0.088
46.500	0.089
46.600	0.089
46.700	0.089
46.800	0.089
46.900	0.089
47.000	0.090
47.100	0.090
47.200	0.090
47.300	0.090
47.400	0.090
47.500	0.091
47.600	0.091
47.700	0.091
47.800	0.091
47.900	0.091
48.000	0.092
48.100	0.092
48.200	0.092
48.300	0.092
48.400	0.092
48.500	0.093
48.600	0.093
48.700	0.093
48.800	0.093
48.900	0.093
49.000	0.094
49.100	0.094
49.200	0.094
49.300	0.094
49.400	0.094
49.500	0.095
49.600	0.095
49.700	0.095
49.800	0.095
49.900	0.095
50.000	0.096
50.100	0.096
50.200	0.096
50.300	0.096
50.400	0.096
50.500	0.097
50.600	0.097
50.700	0.097
50.800	0.097
50.900	0.097
51.000	0.098
51.100	0.098
51.200	0.098
51.300	0.098
51.400	0.099
51.500	0.099
51.600	0.099
51.700	0.099
51.800	0.099
51.900	0.100
52.000	0.100
52.100	0.100
52.200	0.100
52.300	0.100
52.400	0.101
52.500	0.101
52.600	0.101
52.700	0.101
52.800	0.102
52.900	0.102
53.000	0.102
53.100	0.102
53.200	0.102
53.300	0.103
53.400	0.103
53.500	0.103
53.600	0.103
53.700	0.103
53.800	0.104
53.900	0.104
54.000	0.104
54.100	0.104
54.200	0.105
54.300	0.105
54.400	0.105
54.500	0.105
54.600	0.105
54.700	0.106
54.800	0.106
54.900	0.106
55.000	0.106
55.100	0.107
55.200	0.107
55.300	0.107
55.400	0.107
55.500	0.108
55.600	0.108
55.700	0.108
55.800	0.108
55.900	0.108
56.000	0.109
56.100	0.109
56.200	0.109
56.300	0.109
56.400	0.110
56.500	0.110
56.600	0.110
56.700	0.110
56.800	0.111
56.900	0.111
57.000	0.111
57.100	0.111
57.200	0.111
57.300	0.112
57.400	0.112
57.500	0.112
57.600	0.112
57.700	0.113
57.800	0.113
57.900	0.113
58.000	0.113
58.100	0.114
58.200	0.114
58.300	0.114
58.400	0.114
58.500	0.115
58.600	0.115
58.700	0.115
58.800	0.115
58.900	0.116
59.000	0.116
59.100	0.116
59.200	0.116
59.300	0.117
59.400	0.117
59.500	0.117
59.600	0.117
59.700	0.117
59.800	0.118
59.900	0.118
60.000	0.118
60.100	0.118
60.200	0.119
60.300	0.119
60.400	0.119
60.500	0.119
60.600	0.120
60.700	0.120
60.800	0.120
60.900	0.120
61.000	0.121
61.100	0.121
61.200	0.121
61.300	0.121
61.400	0.122
61.500	0.122
61.600	0.122
61.700	0.122
61.800	0.123
61.900	0.123
62.000	0.123
62.100	0.124
62.200	0.124
62.300	0.124
62.400	0.124
62.500	0.125
62.600	0.125
62.700	0.125
62.800	0.125
62.900	0.126
63.000	0.126
63.100	0.126
63.200	0.126
63.300	0.127
63.400	0.127
63.500	0.127
63.600	0.127
63.700	0.128
63.800	0.128
63.900	0.128
64.000	0.128
64.100	0.129
64.200	0.129
64.300	0.129
64.400	0.130
64.500	0.130
64.600	0.130
64.700	0.130
64.800	0.131
64.900	0.131
65.000	0.131
65.100	0.131
65.200	0.132
65.300	0.132
65.400	0.132
65.500	0.132
65.600	0.133
65.700	0.133
65.800	0.133
65.900	0.134
66.000	0.134
66.100	0.134
66.200	0.134
66.300	0.135
66.400	0.135
66.500	0.135
66.600	0.135
66.700	0.136
66.800	0.136
66.900	0.136
67.000	0.137
67.100	0.137
67.200	0.137
67.300	0.137
67.400	0.138
67.500	0.138
67.600	0.138
67.700	0.138
67.800	0.139
67.900	0.139
68.000	0.139
68.100	0.140
68.200	0.140
68.300	0.140
68.400	0.140
68.500	0.141
68.600	0.141
68.700	0.141
68.800	0.142
68.900	0.142
69.000	0.142
69.100	0.142
69.200	0.143
69.300	0.143
69.400	0.143
69.500	0.144
69.600	0.144
69.700	0.144
69.800	0.144
69.900	0.145
70.000	0.145
70.100	0.145
70.200	0.146
70.299	0.146
70.399	0.146
70.499	0.146
70.599	0.147
70.699	0.147
70.799	0.147
70.899	0.148
70.999	0.148
71.099	0.148
71.199	0.148
71.299	0.149
71.399	0.149
71.499	0.149
71.599	0.150
71.699	0.150
71.799	0.150
71.899	0.151
71.999	0.151
72.099	0.151
72.199	0.151
72.299	0.152
72.399	0.152
72.499	0.152
72.599	0.153
72.699	0.153
72.799	0.153
72.899	0.154
72.999	0.154
73.099	0.154
73.199	0.154
73.299	0.155
73.399	0.155
73.499	0.155
73.599	0.156
73.699	0.156
73.799	0.156
73.899	0.157
73.999	0.157
74.099	0.157
74.199	0.157
74.299	0.158
74.399	0.158
74.499	0.158
74.599	0.159
74.699	0.159
74.799	0.159
74.899	0.160
74.999	0.160
75.099	0.160
75.199	0.161
75.299	0.161
75.399	0.161
75.499	0.161
75.599	0.162
75.699	0.162
75.799	0.162
75.899	0.163
75.999	0.163
76.099	0.163
76.199	0.164
76.299	0.164
76.399	0.164
76.499	0.165
76.599	0.165
76.699	0.165
76.799	0.166
76.899	0.166
76.999	0.166
77.099	0.166
77.199	0.167
77.299	0.167
77.399	0.167
77.499	0.168
77.599	0.168
77.699	0.168
77.799	0.169
77.899	0.169
77.999	0.169
78.099	0.170
78.199	0.170
78.299	0.170
78.399	0.171
78.499	0.171
78.599	0.171
78.699	0.172
78.799	0.172
78.899	0.172
78.999	0.173
79.099	0.173
79.199	0.173
79.299	0.174
79.399	0.174
79.499	0.174
79.599	0.175
79.699	0.175
79.799	0.175
79.899	0.176
79.999	0.176
80.099	0.176
80.199	0.177
80.299	0.177
80.399	0.177
80.499	0.178
80.599	0.178
80.699	0.178
80.799	0.179
80.899	0.179
80.999	0.179
81.099	0.180
81.199	0.180
81.299	0.180
81.399	0.181
81.499	0.181
81.599	0.181
81.699	0.182
81.799	0.182
81.899	0.182
81.999	0.183
82.099	0.183
82.199	0.183
82.299	0.184
82.399	0.184
82.499	0.184
82.599	0.185
82.699	0.185
82.799	0.185
82.899	0.186
82.999	0.186
83.099	0.186
83.199	0.187
83.299	0.187
83.399	0.187
83.499	0.188
83.599	0.188
83.699	0.188
83.799	0.189
83.899	0.189
83.999	0.189
84.099	0.190
84.199	0.190
84.299	0.190
84.399	0.191
84.499	0.191
84.599	0.191
84.699	0.192
84.799	0.192
84.899	0.192
84.999	0.193
85.099	0.193
85.199	0.194
85.299	0.194
85.399	0.194
85.499	0.195
85.599	0.195
85.699	0.195
85.799	0.196
85.899	0.196
85.999	0.196
86.099	0.197
86.199	0.197
86.299	0.197
86.399	0.198
86.499	0.198
86.599	0.198
86.699	0.199
86.799	0.199
86.899	0.200
86.999	0.200
87.099	0.200
87.199	0.201
87.299	0.201
87.399	0.201
87.499	0.202
87.599	0.202
87.699	0.202
87.799	0.203
87.899	0.203
87.999	0.204
88.099	0.204
88.199	0.204
88.299	0.205
88.399	0.205
88.499	0.205
88.599	0.206
88.699	0.206
88.799	0.206
88.899	0.207
88.999	0.207
89.099	0.208
89.199	0.208
89.299	0.208
89.399	0.209
89.499	0.209
89.599	0.209
89.699	0.210
89.799	0.210
89.899	0.210
89.999	0.211
90.099	0.211
90.199	0.212
90.299	0.212
90.399	0.212
90.499	0.213
90.599	0.213
90.699	0.213
90.799	0.214
90.899	0.214
90.999	0.215
91.099	0.215
91.199	0.215
91.299	0.216
91.399	0.216
91.499	0.216
91.599	0.217
91.699	0.217
91.799	0.218
91.899	0.218
91.999	0.218
92.099	0.219
92.199	0.219
92.299	0.219
92.399	0.220
92.499	0.220
92.599	0.221
92.699	0.221
92.799	0.221
92.899	0.222
92.999	0.222
93.099	0.223
93.199	0.223
93.299	0.223
93.399	0.224
93.499	0.224
93.599	0.224
93.699	0.225
93.799	0.225
93.899	0.226
93.999	0.226
94.099	0.226
94.199	0.227
94.299	0.227
94.399	0.228
94.499	0.228
94.599	0.228
94.699	0.229
94.799	0.229
94.899	0.230
94.999	0.230
95.099	0.230
95.199	0.231
95.299	0.231
95.399	0.231
95.499	0.232
95.599	0.232
95.699	0.233
95.799	0.233
95.899	0.233
95.999	0.234
96.099	0.234
96.199	0.235
96.299	0.235
96.399	0.235
96.499	0.236
96.599	0.236
96.699	0.237
96.799	0.237
96.899	0.237
96.999	0.238
97.099	0.238
97.199	0.239
97.299	0.239
97.399	0.239
97.499	0.240
97.599	0.240
97.699	0.241
97.799	0.241
97.899	0.241
97.999	0.242
98.099	0.242
98.199	0.243
98.299	0.243
98.399	0.243
98.499	0.244
98.599	0.244
98.699	0.245
98.799	0.245
98.899	0.245
98.999	0.246
99.099	0.246
99.199	0.247
99.299	0.247
99.399	0.248
99.499	0.248
99.599	0.248
99.699	0.249
99.799	0.249
99.899	0.250
99.999	0.250
