aoa	knots	lift
-0.0 	 179.602 	 100.289
0.1 	 175.301 	 100.957
0.2 	 171.201 	 100.465
0.3 	 167.401 	 100.298
0.4 	 163.901 	 100.821
0.5 	 160.601 	 101.157
0.6 	 157.400 	 100.312
0.7 	 154.500 	 100.992
0.8 	 151.700 	 100.903
0.9 	 149.000 	 100.189
1.0 	 146.500 	 100.324
1.1 	 144.100 	 100.142
1.2 	 141.899 	 101.144
1.3 	 139.699 	 100.699
1.4 	 137.599 	 100.279
1.5 	 135.699 	 101.434
1.6 	 133.799 	 101.388
1.7 	 131.899 	 100.177
1.8 	 130.199 	 100.847
1.9 	 128.499 	 100.492
2.0 	 126.899 	 100.687
2.1 	 125.399 	 101.512
2.2 	 123.899 	 101.463
2.3 	 122.399 	 100.558
2.4 	 120.999 	 100.443
2.5 	 119.699 	 101.192
2.6 	 118.399 	 101.215
2.7 	 117.099 	 100.528
2.8 	 115.899 	 100.843
2.9 	 114.699 	 100.513
3.0 	 113.599 	 101.283
3.1 	 112.499 	 101.467
3.2 	 111.399 	 101.079
3.3 	 110.299 	 100.129
3.4 	 109.299 	 100.426
3.5 	 108.299 	 100.215
3.6 	 107.399 	 101.337
3.7 	 106.399 	 100.153
3.8 	 105.499 	 100.352
3.9 	 104.599 	 100.109
4.0 	 103.799 	 101.329
4.1 	 102.899 	 100.241
4.2 	 102.099 	 100.661
4.3 	 101.299 	 100.698
4.4 	 100.499 	 100.359
4.5 	 99.799 	 101.623
4.6 	 98.999 	 100.564
4.7 	 98.299 	 101.149
4.8 	 97.599 	 101.410
4.9 	 96.899 	 101.351
5.0 	 96.199 	 100.977
5.1 	 95.499 	 100.293
5.2 	 94.899 	 101.379
5.3 	 94.199 	 100.102
5.4 	 93.599 	 100.631
5.5 	 92.999 	 100.895
5.6 	 92.399 	 100.896
5.7 	 91.799 	 100.639
5.8 	 91.199 	 100.127
5.9 	 90.699 	 101.536
6.0 	 90.099 	 100.537
6.1 	 89.599 	 101.493
6.2 	 88.999 	 100.018
6.3 	 88.499 	 100.531
6.4 	 87.999 	 100.834
6.5 	 87.499 	 100.929
6.6 	 86.999 	 100.817
6.7 	 86.499 	 100.503
6.8 	 86.099 	 102.281
6.9 	 85.599 	 101.580
7.0 	 85.099 	 100.683
7.1 	 84.699 	 101.923
7.2 	 84.199 	 100.652
7.3 	 83.799 	 101.548
7.4 	 83.399 	 102.280
7.5 	 82.899 	 100.470
7.6 	 82.499 	 100.869
7.7 	 82.099 	 101.110
7.8 	 81.699 	 101.194
7.9 	 81.299 	 101.124
8.0 	 80.899 	 100.901
8.1 	 80.499 	 100.527
8.2 	 80.099 	 100.003
8.3 	 79.799 	 101.806
8.4 	 79.399 	 100.998
8.5 	 78.999 	 100.044
8.6 	 78.699 	 101.457
8.7 	 78.299 	 100.228
8.8 	 77.999 	 101.390
8.9 	 77.699 	 102.436
9.0 	 77.299 	 100.808
9.1 	 76.999 	 101.610
9.2 	 76.699 	 102.299
9.3 	 76.299 	 100.284
9.4 	 75.999 	 100.735
9.5 	 75.699 	 101.076
9.6 	 75.399 	 101.306
9.7 	 75.099 	 101.428
9.8 	 74.799 	 101.441
9.9 	 74.499 	 101.347
10.0 	 74.199 	 101.147
10.1 	 73.899 	 100.842
10.2 	 73.599 	 100.432
10.3 	 73.399 	 102.616
10.4 	 73.099 	 102.010
10.5 	 72.799 	 101.302
10.6 	 72.499 	 100.493
10.7 	 72.299 	 102.323
10.8 	 71.999 	 101.325
10.9 	 71.699 	 100.228
11.0 	 71.499 	 101.802
11.1 	 71.199 	 100.520
11.2 	 70.999 	 101.931
11.3 	 70.699 	 100.468
11.4 	 70.499 	 101.718
11.5 	 70.200 	 100.075
11.6 	 70.000 	 101.166
11.7 	 69.800 	 102.186
11.8 	 69.500 	 100.283
11.9 	 69.300 	 101.147
12.0 	 69.100 	 101.940
12.1 	 68.900 	 102.662
12.2 	 68.600 	 100.426
12.3 	 68.400 	 100.997
12.4 	 68.200 	 101.499
12.5 	 68.000 	 101.932
12.6 	 67.800 	 102.297
12.7 	 67.600 	 102.595
12.8 	 67.400 	 102.824
12.9 	 67.100 	 100.033
13.0 	 66.900 	 100.119
13.1 	 66.700 	 100.140
13.2 	 66.500 	 100.095
13.3 	 66.400 	 102.974
13.4 	 66.200 	 102.808
13.5 	 66.000 	 102.577
13.6 	 65.800 	 102.283
13.7 	 65.600 	 101.925
13.8 	 65.400 	 101.505
13.9 	 65.200 	 101.022
14.0 	 65.000 	 100.476
14.1 	 64.900 	 102.930
14.2 	 64.700 	 102.270
14.3 	 64.500 	 101.549
14.4 	 64.300 	 100.767
14.5 	 64.200 	 103.021
14.6 	 64.000 	 102.128
14.7 	 63.800 	 101.118
14.8 	 63.700 	 102.709
14.9 	 63.500 	 100.602
15.0 	 63.400 	 101.053
15.1 	 63.300 	 100.955
15.2 	 63.200 	 100.316
15.3 	 63.200 	 102.292
15.4 	 63.100 	 100.605
15.5 	 63.100 	 101.556
15.6 	 63.100 	 102.007
15.7 	 63.100 	 101.966
15.8 	 63.100 	 101.441
15.9 	 63.100 	 100.438
16.0 	 63.200 	 102.112
16.1 	 63.200 	 100.175
16.2 	 63.300 	 100.923
16.3 	 63.400 	 101.215
16.4 	 63.500 	 101.059
16.5 	 63.600 	 100.460
16.6 	 63.800 	 102.543
16.7 	 63.900 	 101.071
16.8 	 64.100 	 102.281
16.9 	 64.300 	 103.059
17.0 	 64.400 	 100.324
17.1 	 64.600 	 100.267
17.2 	 64.900 	 102.865
17.3 	 65.100 	 101.981
17.4 	 65.300 	 100.702
17.5 	 65.600 	 102.069
17.6 	 65.800 	 100.011
17.7 	 66.100 	 100.594
17.8 	 66.400 	 100.793
17.9 	 66.700 	 100.618
18.0 	 67.000 	 100.081
18.1 	 67.400 	 102.147
18.2 	 67.700 	 100.907
18.3 	 68.100 	 102.268
18.4 	 68.400 	 100.380
18.5 	 68.800 	 101.095
18.6 	 69.200 	 101.502
18.7 	 69.600 	 101.623
18.8 	 70.000 	 101.477
18.9 	 70.399 	 101.084
19.0 	 70.799 	 100.470
19.1 	 71.299 	 102.453
19.2 	 71.699 	 101.454
19.3 	 72.099 	 100.316
19.4 	 72.599 	 101.811
19.5 	 72.999 	 100.469
19.6 	 73.499 	 101.797
19.7 	 73.899 	 100.393
19.8 	 74.399 	 101.706
19.9 	 74.799 	 100.235
20.0 	 75.299 	 101.220
20.1 	 75.799 	 102.029
20.2 	 76.199 	 100.097
20.3 	 76.699 	 100.723
20.4 	 77.199 	 101.333
20.5 	 77.699 	 101.990
20.6 	 78.099 	 100.208
20.7 	 78.599 	 101.173
20.8 	 79.099 	 102.395
20.9 	 79.499 	 101.441
21.0 	 79.899 	 100.932
21.1 	 80.299 	 100.879
21.2 	 80.699 	 101.201
21.3 	 81.099 	 101.988
21.4 	 81.399 	 100.891
21.5 	 81.699 	 100.482
21.6 	 81.999 	 100.870
21.7 	 82.299 	 102.164
21.8 	 82.499 	 102.056
21.9 	 82.599 	 100.521
22.0 	 82.799 	 101.360
22.1 	 82.999 	 101.960
22.2 	 83.199 	 102.352
22.3 	 83.299 	 100.170
22.4 	 83.499 	 100.245
22.5 	 83.699 	 100.207
22.6 	 83.899 	 100.091
22.7 	 84.199 	 102.307
22.8 	 84.399 	 102.139
22.9 	 84.599 	 102.004
23.0 	 84.799 	 101.940
23.1 	 84.999 	 101.990
23.2 	 85.199 	 102.194
23.3 	 85.299 	 100.254
23.4 	 85.499 	 100.901
23.5 	 85.699 	 101.835
23.6 	 85.799 	 100.774
23.7 	 85.899 	 100.101
23.8 	 86.099 	 102.185
23.9 	 86.099 	 100.107
24.0 	 86.199 	 100.882
24.1 	 86.299 	 102.177
24.2 	 86.299 	 101.279
24.3 	 86.299 	 100.435
24.4 	 86.399 	 101.970
24.5 	 86.399 	 101.262
24.6 	 86.399 	 100.637
24.7 	 86.399 	 100.106
24.8 	 86.499 	 101.990
24.9 	 86.499 	 101.674
