aoa	knots	lift
-0.80 	 174.60 	 100.23
-0.70 	 168.90 	 100.55
-0.60 	 163.70 	 100.54
-0.50 	 159.00 	 101.10
-0.40 	 154.60 	 100.55
-0.30 	 150.60 	 100.75
-0.20 	 146.90 	 100.99
-0.10 	 143.40 	 100.38
0.00 	 140.20 	 100.66
0.10 	 137.20 	 100.85
0.20 	 134.40 	 101.23
0.30 	 131.70 	 100.62
0.40 	 129.20 	 100.70
0.50 	 126.80 	 100.19
0.60 	 124.60 	 100.83
0.70 	 122.50 	 101.25
0.80 	 120.50 	 101.59
0.90 	 118.50 	 100.33
1.00 	 116.70 	 100.88
1.10 	 114.90 	 100.03
1.20 	 113.30 	 101.28
1.30 	 111.70 	 101.32
1.40 	 110.10 	 100.17
1.50 	 108.70 	 101.47
1.60 	 107.30 	 101.75
1.70 	 105.90 	 101.03
1.80 	 104.60 	 101.21
1.90 	 103.30 	 100.48
2.00 	 102.10 	 100.80
2.10 	 100.90 	 100.29
2.20 	 99.80 	 100.95
2.30 	 98.70 	 100.87
2.40 	 97.60 	 100.07
2.50 	 96.60 	 100.60
2.60 	 95.60 	 100.47
2.70 	 94.70 	 101.78
2.80 	 93.70 	 100.42
2.90 	 92.80 	 100.56
3.00 	 91.90 	 100.14
3.10 	 91.10 	 101.33
3.20 	 90.30 	 102.02
3.30 	 89.40 	 100.03
3.40 	 88.70 	 101.95
3.50 	 87.90 	 101.20
3.60 	 87.20 	 102.24
3.70 	 86.40 	 100.59
3.80 	 85.70 	 100.78
3.90 	 85.00 	 100.57
4.00 	 84.40 	 102.30
4.10 	 83.70 	 101.32
4.20 	 83.10 	 102.32
4.30 	 82.40 	 100.60
4.40 	 81.80 	 100.90
4.50 	 81.20 	 100.87
4.60 	 80.60 	 100.52
4.70 	 80.10 	 102.30
4.80 	 79.50 	 101.32
4.90 	 78.90 	 100.03
5.00 	 78.40 	 100.94
5.10 	 77.90 	 101.58
5.20 	 77.40 	 101.95
5.30 	 76.90 	 102.06
5.40 	 76.40 	 101.91
5.50 	 75.90 	 101.50
5.60 	 75.40 	 100.84
5.70 	 75.00 	 102.55
5.80 	 74.50 	 101.41
5.90 	 74.00 	 100.02
6.00 	 73.60 	 101.07
6.10 	 73.20 	 101.91
6.20 	 72.80 	 102.54
6.30 	 72.30 	 100.26
6.40 	 71.90 	 100.48
6.50 	 71.50 	 100.50
6.60 	 71.10 	 100.33
6.70 	 70.80 	 102.75
6.80 	 70.40 	 102.22
6.90 	 70.00 	 101.49
7.00 	 69.60 	 100.58
7.10 	 69.30 	 102.33
7.20 	 68.90 	 101.07
7.30 	 68.60 	 102.50
7.40 	 68.20 	 100.90
7.50 	 67.90 	 102.02
7.60 	 67.50 	 100.08
7.70 	 67.20 	 100.90
7.80 	 66.90 	 101.57
7.90 	 66.60 	 102.11
8.00 	 66.30 	 102.50
8.10 	 66.00 	 102.76
8.20 	 65.70 	 102.88
8.30 	 65.40 	 102.86
8.40 	 65.10 	 102.71
8.50 	 64.80 	 102.43
8.60 	 64.50 	 102.01
8.70 	 64.20 	 101.47
8.80 	 63.90 	 100.79
8.90 	 63.70 	 103.08
9.00 	 63.40 	 102.17
9.10 	 63.10 	 101.13
9.20 	 62.90 	 103.10
9.30 	 62.60 	 101.82
9.40 	 62.30 	 100.42
9.50 	 62.10 	 102.08
9.60 	 61.80 	 100.45
9.70 	 61.60 	 101.90
9.80 	 61.30 	 100.05
9.90 	 61.10 	 101.30
10.00 	 60.90 	 102.47
10.10 	 60.60 	 100.29
10.20 	 60.40 	 101.26
10.30 	 60.20 	 102.15
10.40 	 60.00 	 102.94
10.50 	 59.70 	 100.35
10.60 	 59.50 	 100.96
10.70 	 59.30 	 101.48
10.80 	 59.10 	 101.92
10.90 	 58.90 	 102.27
11.00 	 58.70 	 102.54
11.10 	 58.50 	 102.72
11.20 	 58.30 	 102.83
11.30 	 58.10 	 102.85
11.40 	 57.90 	 102.79
11.50 	 57.70 	 102.65
11.60 	 57.50 	 102.43
11.70 	 57.30 	 102.13
11.80 	 57.10 	 101.75
11.90 	 56.90 	 101.29
12.00 	 56.70 	 100.76
12.10 	 56.50 	 100.15
12.20 	 56.40 	 102.96
12.30 	 56.20 	 102.20
12.40 	 56.00 	 101.37
12.50 	 55.80 	 100.47
12.60 	 55.70 	 103.03
12.70 	 55.50 	 101.99
12.80 	 55.30 	 100.88
12.90 	 55.20 	 103.00
13.00 	 55.00 	 101.10
13.10 	 54.90 	 102.33
13.20 	 54.80 	 103.13
13.30 	 54.70 	 103.50
13.40 	 54.60 	 103.45
13.50 	 54.50 	 102.99
13.60 	 54.40 	 102.12
13.70 	 54.30 	 100.85
13.80 	 54.30 	 102.83
13.90 	 54.20 	 100.79
14.00 	 54.20 	 102.02
14.10 	 54.20 	 102.88
14.20 	 54.20 	 103.37
14.30 	 54.20 	 103.52
14.40 	 54.20 	 103.31
14.50 	 54.20 	 102.76
14.60 	 54.20 	 101.88
14.70 	 54.20 	 100.66
14.80 	 54.30 	 102.76
14.90 	 54.30 	 100.90
15.00 	 54.40 	 102.36
15.10 	 54.50 	 103.50
15.20 	 54.50 	 100.72
15.30 	 54.60 	 101.27
15.40 	 54.70 	 101.53
15.50 	 54.80 	 101.49
15.60 	 54.90 	 101.19
15.70 	 55.00 	 100.61
15.80 	 55.20 	 103.33
15.90 	 55.30 	 101.95
16.00 	 55.40 	 100.02
16.10 	 55.60 	 101.09
16.20 	 55.80 	 101.60
16.30 	 56.00 	 101.56
16.40 	 56.20 	 100.99
16.50 	 56.50 	 103.39
16.60 	 56.70 	 101.70
16.70 	 57.00 	 102.80
16.80 	 57.30 	 103.21
16.90 	 57.60 	 102.93
17.00 	 57.90 	 101.99
17.10 	 58.20 	 100.40
17.20 	 58.60 	 101.54
17.30 	 59.00 	 102.04
17.40 	 59.40 	 101.90
17.50 	 59.80 	 101.14
17.60 	 60.30 	 103.08
17.70 	 60.70 	 101.15
17.80 	 61.20 	 101.91
17.90 	 61.70 	 102.12
18.00 	 62.20 	 101.82
18.10 	 62.70 	 101.03
18.20 	 63.30 	 102.93
18.30 	 63.80 	 101.28
18.40 	 64.40 	 102.36
18.50 	 64.90 	 100.06
18.60 	 65.50 	 100.54
18.70 	 66.10 	 100.81
18.80 	 66.70 	 100.93
18.90 	 67.30 	 100.99
19.00 	 67.90 	 101.06
19.10 	 68.50 	 101.23
19.20 	 69.10 	 101.61
19.30 	 69.70 	 102.30
19.40 	 70.20 	 100.59
19.50 	 70.80 	 102.26
19.60 	 71.30 	 101.82
19.70 	 71.80 	 102.21
19.80 	 72.20 	 100.83
19.90 	 72.60 	 100.59
