aoa	knots	lift
-1.0 	 177.502 	 101.049
-0.9 	 170.801 	 101.094
-0.8 	 164.801 	 101.059
-0.7 	 159.401 	 101.135
-0.6 	 154.500 	 101.217
-0.5 	 150.000 	 100.945
-0.4 	 145.900 	 101.077
-0.3 	 142.099 	 100.929
-0.2 	 138.599 	 101.038
-0.1 	 135.299 	 100.455
-0.0 	 132.299 	 101.029
0.1 	 129.399 	 100.164
0.2 	 126.799 	 101.180
0.3 	 124.299 	 101.311
0.4 	 121.899 	 100.743
0.5 	 119.699 	 101.292
0.6 	 117.599 	 101.545
0.7 	 115.599 	 101.656
0.8 	 113.599 	 100.048
0.9 	 111.799 	 100.284
1.0 	 110.099 	 100.801
1.1 	 108.499 	 101.726
1.2 	 106.899 	 101.344
1.3 	 105.399 	 101.557
1.4 	 103.899 	 100.588
1.5 	 102.499 	 100.385
1.6 	 101.199 	 101.054
1.7 	 99.899 	 100.732
1.8 	 98.699 	 101.435
1.9 	 97.499 	 101.244
2.0 	 96.299 	 100.181
2.1 	 95.199 	 100.329
2.2 	 94.199 	 101.777
2.3 	 93.099 	 100.395
2.4 	 92.099 	 100.394
2.5 	 91.199 	 101.858
2.6 	 90.199 	 100.515
2.7 	 89.299 	 100.709
2.8 	 88.399 	 100.298
2.9 	 87.599 	 101.539
3.0 	 86.799 	 102.241
3.1 	 85.899 	 100.130
3.2 	 85.199 	 102.072
3.3 	 84.399 	 101.221
3.4 	 83.699 	 102.220
3.5 	 82.899 	 100.400
3.6 	 82.199 	 100.487
3.7 	 81.499 	 100.142
3.8 	 80.899 	 101.799
3.9 	 80.199 	 100.627
4.0 	 79.599 	 101.512
4.1 	 78.999 	 102.030
4.2 	 78.399 	 102.187
4.3 	 77.799 	 101.988
4.4 	 77.199 	 101.438
4.5 	 76.599 	 100.544
4.6 	 76.099 	 101.894
4.7 	 75.499 	 100.344
4.8 	 74.999 	 101.085
4.9 	 74.499 	 101.536
5.0 	 73.999 	 101.703
5.1 	 73.499 	 101.589
5.2 	 72.999 	 101.198
5.3 	 72.499 	 100.533
5.4 	 72.099 	 102.328
5.5 	 71.599 	 101.145
5.6 	 71.199 	 102.462
5.7 	 70.699 	 100.774
5.8 	 70.299 	 101.627
5.9 	 69.900 	 102.262
6.0 	 69.500 	 102.680
6.1 	 69.000 	 100.035
6.2 	 68.600 	 100.011
6.3 	 68.300 	 102.660
6.4 	 67.900 	 102.238
6.5 	 67.500 	 101.612
6.6 	 67.100 	 100.784
6.7 	 66.800 	 102.705
6.8 	 66.400 	 101.497
6.9 	 66.000 	 100.095
7.0 	 65.700 	 101.495
7.1 	 65.400 	 102.737
7.2 	 65.000 	 100.793
7.3 	 64.700 	 101.705
7.4 	 64.400 	 102.464
7.5 	 64.100 	 103.071
7.6 	 63.700 	 100.438
7.7 	 63.400 	 100.729
7.8 	 63.100 	 100.872
7.9 	 62.800 	 100.870
8.0 	 62.500 	 100.723
8.1 	 62.200 	 100.433
8.2 	 61.900 	 100.002
8.3 	 61.700 	 102.623
8.4 	 61.400 	 101.926
8.5 	 61.100 	 101.092
8.6 	 60.800 	 100.123
8.7 	 60.600 	 102.267
8.8 	 60.300 	 101.042
8.9 	 60.100 	 102.964
9.0 	 59.800 	 101.488
9.1 	 59.600 	 103.191
9.2 	 59.300 	 101.469
9.3 	 59.100 	 102.956
9.4 	 58.800 	 100.993
9.5 	 58.600 	 102.268
9.6 	 58.300 	 100.068
9.7 	 58.100 	 101.135
9.8 	 57.900 	 102.105
9.9 	 57.700 	 102.981
10.0 	 57.400 	 100.332
10.1 	 57.200 	 101.007
10.2 	 57.000 	 101.589
10.3 	 56.800 	 102.079
10.4 	 56.600 	 102.479
10.5 	 56.400 	 102.788
10.6 	 56.200 	 103.008
10.7 	 56.000 	 103.139
10.8 	 55.800 	 103.181
10.9 	 55.600 	 103.136
11.0 	 55.400 	 103.005
11.1 	 55.200 	 102.787
11.2 	 55.000 	 102.484
11.3 	 54.800 	 102.096
11.4 	 54.600 	 101.624
11.5 	 54.400 	 101.070
11.6 	 54.200 	 100.432
11.7 	 54.100 	 103.360
11.8 	 53.900 	 102.569
11.9 	 53.700 	 101.699
12.0 	 53.500 	 100.748
12.1 	 53.400 	 103.414
12.2 	 53.200 	 102.315
12.3 	 53.000 	 101.138
12.4 	 52.900 	 103.616
12.5 	 52.700 	 102.294
12.6 	 52.500 	 100.896
12.7 	 52.400 	 103.189
12.8 	 52.200 	 101.646
12.9 	 52.100 	 103.563
13.0 	 51.900 	 101.229
13.1 	 51.800 	 102.243
13.2 	 51.700 	 102.823
13.3 	 51.600 	 102.975
13.4 	 51.500 	 102.706
13.5 	 51.400 	 102.024
13.6 	 51.300 	 100.937
13.7 	 51.300 	 103.300
13.8 	 51.200 	 101.425
13.9 	 51.200 	 103.023
14.0 	 51.100 	 100.390
14.1 	 51.100 	 101.246
14.2 	 51.100 	 101.743
14.3 	 51.100 	 101.884
14.4 	 51.100 	 101.677
14.5 	 51.100 	 101.127
14.6 	 51.100 	 100.241
14.7 	 51.200 	 102.880
14.8 	 51.200 	 101.337
14.9 	 51.300 	 103.328
15.0 	 51.300 	 101.152
15.1 	 51.400 	 102.515
15.2 	 51.500 	 103.573
15.3 	 51.500 	 100.499
15.4 	 51.600 	 100.969
15.5 	 51.700 	 101.153
15.6 	 51.800 	 101.058
15.7 	 51.900 	 100.693
15.8 	 52.000 	 100.043
15.9 	 52.200 	 102.670
16.0 	 52.300 	 100.946
16.1 	 52.500 	 102.437
16.2 	 52.700 	 103.368
16.3 	 52.800 	 100.009
16.4 	 53.100 	 103.584
16.5 	 53.300 	 102.890
16.6 	 53.500 	 101.617
16.7 	 53.800 	 103.340
16.8 	 54.000 	 100.703
16.9 	 54.300 	 101.054
17.0 	 54.600 	 100.732
17.1 	 55.000 	 103.349
17.2 	 55.300 	 101.710
17.3 	 55.700 	 103.002
17.4 	 56.000 	 100.122
17.5 	 56.400 	 100.168
17.6 	 56.900 	 103.088
17.7 	 57.300 	 101.934
17.8 	 57.700 	 100.234
17.9 	 58.200 	 101.414
18.0 	 58.700 	 102.062
18.1 	 59.200 	 102.213
18.2 	 59.700 	 101.909
18.3 	 60.200 	 101.196
18.4 	 60.700 	 100.124
18.5 	 61.300 	 101.971
18.6 	 61.800 	 100.322
18.7 	 62.400 	 101.660
18.8 	 63.000 	 102.834
18.9 	 63.500 	 100.810
19.0 	 64.100 	 101.923
19.1 	 64.600 	 100.067
19.2 	 65.200 	 101.481
19.3 	 65.700 	 100.180
19.4 	 66.300 	 102.312
19.5 	 66.800 	 102.006
19.6 	 67.300 	 102.393
19.7 	 67.700 	 100.682
19.8 	 68.200 	 102.865
19.9 	 68.500 	 100.374
20.0 	 68.900 	 102.052
20.1 	 69.200 	 102.285
20.2 	 69.400 	 100.911
20.3 	 69.600 	 100.014
20.4 	 69.900 	 102.433
20.5 	 70.100 	 102.562
20.6 	 70.200 	 100.480
20.7 	 70.399 	 101.886
20.8 	 70.499 	 101.214
20.9 	 70.599 	 101.338
21.0 	 70.699 	 102.318
21.1 	 70.699 	 101.416
21.2 	 70.699 	 101.093
21.3 	 70.699 	 100.906
21.4 	 70.699 	 100.862
21.5 	 70.699 	 100.969
21.6 	 70.699 	 101.236
21.7 	 70.699 	 101.671
21.8 	 70.699 	 102.282
21.9 	 70.599 	 100.275
22.0 	 70.599 	 101.257
22.1 	 70.599 	 102.437
22.2 	 70.499 	 101.018
22.3 	 70.499 	 102.613
22.4 	 70.399 	 101.617
22.5 	 70.299 	 100.840
22.6 	 70.200 	 100.290
22.7 	 70.200 	 102.790
22.8 	 70.100 	 102.709
22.9 	 69.900 	 100.020
23.0 	 69.800 	 100.179
23.1 	 69.700 	 100.312
23.2 	 69.600 	 100.421
23.3 	 69.500 	 100.505
23.4 	 69.400 	 100.565
23.5 	 69.300 	 100.600
23.6 	 69.200 	 100.611
23.7 	 69.100 	 100.598
23.8 	 69.000 	 100.562
23.9 	 68.900 	 100.500
24.0 	 68.800 	 100.416
24.1 	 68.700 	 100.307
24.2 	 68.600 	 100.175
24.3 	 68.500 	 100.019
24.4 	 68.500 	 102.731
24.5 	 68.400 	 102.532
24.6 	 68.300 	 102.310
24.7 	 68.200 	 102.065
24.8 	 68.100 	 101.797
24.9 	 68.000 	 101.505
