aoa	lift	drag	lvsd
-5.0	-1.083	0.077	-14.146
-4.9	-1.044	0.079	-13.207
-4.8	-1.006	0.082	-12.344
-4.7	-0.968	0.085	-11.394
-4.6	-0.930	0.089	-10.425
-4.5	-0.892	0.093	-9.580
-4.4	-0.853	0.097	-8.830
-4.3	-0.815	0.100	-8.155
-4.2	-0.777	0.103	-7.540
-4.1	-0.739	0.106	-6.975
-4.0	-0.701	0.109	-6.449
-3.9	-0.663	0.111	-5.958
-3.8	-0.625	0.114	-5.496
-3.7	-0.586	0.116	-5.058
-3.6	-0.548	0.118	-4.641
-3.5	-0.510	0.120	-4.242
-3.4	-0.472	0.122	-3.860
-3.3	-0.434	0.124	-3.493
-3.2	-0.396	0.126	-3.138
-3.1	-0.358	0.128	-2.795
-3.0	-0.320	0.130	-2.462
-2.9	-0.282	0.132	-2.140
-2.8	-0.243	0.133	-1.826
-2.7	-0.205	0.135	-1.521
-2.6	-0.167	0.137	-1.223
-2.5	-0.129	0.138	-0.933
-2.4	-0.091	0.140	-0.650
-2.3	-0.053	0.142	-0.373
-2.2	-0.015	0.143	-0.103
-2.1	0.023	0.145	0.162
-2.0	0.062	0.146	0.420
-1.9	0.100	0.148	0.674
-1.8	0.138	0.149	0.922
-1.7	0.176	0.151	1.166
-1.6	0.214	0.152	1.404
-1.5	0.252	0.154	1.638
-1.4	0.290	0.155	1.867
-1.3	0.328	0.157	2.091
-1.2	0.366	0.159	2.311
-1.1	0.405	0.160	2.527
-1.0	0.443	0.162	2.738
-0.9	0.481	0.163	2.945
-0.8	0.519	0.165	3.147
-0.7	0.557	0.166	3.345
-0.6	0.595	0.168	3.539
-0.5	0.633	0.170	3.729
-0.4	0.671	0.171	3.914
-0.3	0.709	0.173	4.096
-0.2	0.747	0.175	4.273
-0.1	0.786	0.177	4.446
-0.0	0.824	0.178	4.615
0.1	0.862	0.180	4.780
0.2	0.900	0.182	4.940
0.3	0.938	0.184	5.097
0.4	0.976	0.186	5.250
0.5	1.014	0.188	5.399
0.6	1.052	0.190	5.544
0.7	1.090	0.192	5.685
0.8	1.128	0.194	5.823
0.9	1.166	0.196	5.956
1.0	1.204	0.198	6.086
1.1	1.242	0.200	6.213
1.2	1.280	0.202	6.335
1.3	1.318	0.204	6.454
1.4	1.356	0.206	6.570
1.5	1.394	0.209	6.682
1.6	1.432	0.211	6.790
1.7	1.470	0.213	6.896
1.8	1.508	0.215	6.998
1.9	1.545	0.218	7.096
2.0	1.583	0.220	7.192
2.1	1.621	0.223	7.284
2.2	1.659	0.225	7.373
2.3	1.697	0.227	7.459
2.4	1.735	0.230	7.542
2.5	1.772	0.233	7.623
2.6	1.810	0.235	7.700
2.7	1.848	0.238	7.774
2.8	1.886	0.240	7.846
2.9	1.923	0.243	7.915
3.0	1.961	0.246	7.981
3.1	1.999	0.248	8.045
3.2	2.037	0.252	8.087
3.3	2.074	0.255	8.127
3.4	2.112	0.259	8.166
3.5	2.149	0.262	8.201
3.6	2.187	0.266	8.235
3.7	2.224	0.269	8.267
3.8	2.262	0.273	8.297
3.9	2.299	0.276	8.325
4.0	2.337	0.280	8.351
4.1	2.374	0.283	8.376
4.2	2.412	0.287	8.399
4.3	2.449	0.291	8.420
4.4	2.486	0.295	8.440
4.5	2.524	0.298	8.458
4.6	2.561	0.302	8.474
4.7	2.598	0.306	8.489
4.8	2.636	0.310	8.503
4.9	2.673	0.314	8.515
5.0	2.710	0.318	8.526
5.1	2.747	0.322	8.536
5.2	2.784	0.326	8.544
5.3	2.821	0.330	8.552
5.4	2.858	0.334	8.558
5.5	2.895	0.338	8.563
5.6	2.932	0.342	8.567
5.7	2.969	0.346	8.570
5.8	3.006	0.351	8.572
5.9	3.043	0.355	8.573
6.0	3.080	0.359	8.574
6.1	3.117	0.364	8.573
6.2	3.154	0.368	8.571
6.3	3.190	0.372	8.569
6.4	3.227	0.377	8.565
6.5	3.264	0.381	8.561
6.6	3.300	0.386	8.557
6.7	3.337	0.390	8.551
6.8	3.374	0.395	8.545
6.9	3.410	0.399	8.538
7.0	3.447	0.404	8.530
7.1	3.483	0.409	8.522
7.2	3.519	0.413	8.513
7.3	3.556	0.418	8.504
7.4	3.592	0.423	8.494
7.5	3.628	0.428	8.484
7.6	3.665	0.433	8.473
7.7	3.701	0.437	8.461
7.8	3.737	0.442	8.449
7.9	3.773	0.447	8.437
8.0	3.809	0.452	8.424
8.1	3.845	0.457	8.411
8.2	3.881	0.462	8.397
8.3	3.917	0.467	8.383
8.4	3.953	0.472	8.368
8.5	3.989	0.478	8.354
8.6	4.025	0.483	8.338
8.7	4.061	0.488	8.323
8.8	4.096	0.493	8.307
8.9	4.132	0.498	8.291
9.0	4.168	0.504	8.274
9.1	4.203	0.509	8.257
9.2	4.239	0.514	8.240
9.3	4.274	0.520	8.223
9.4	4.310	0.525	8.206
9.5	4.345	0.531	8.188
9.6	4.380	0.536	8.170
9.7	4.416	0.542	8.152
9.8	4.451	0.547	8.133
9.9	4.486	0.553	8.114
10.0	4.521	0.558	8.096
10.1	4.556	0.564	8.077
10.2	4.591	0.570	8.057
10.3	4.626	0.576	8.038
10.4	4.661	0.581	8.019
10.5	4.696	0.587	7.999
10.6	4.731	0.593	7.979
10.7	4.766	0.599	7.959
10.8	4.800	0.605	7.939
10.9	4.835	0.611	7.919
11.0	4.870	0.617	7.899
11.1	4.904	0.622	7.878
11.2	4.939	0.628	7.858
11.3	4.973	0.635	7.837
11.4	5.007	0.641	7.816
11.5	5.042	0.647	7.796
11.6	5.076	0.653	7.775
11.7	5.110	0.659	7.754
11.8	5.144	0.665	7.733
11.9	5.178	0.671	7.712
12.0	5.212	0.678	7.691
12.1	5.246	0.684	7.670
12.2	5.280	0.690	7.648
12.3	5.314	0.697	7.627
12.4	5.348	0.703	7.606
12.5	5.381	0.710	7.585
12.6	5.415	0.716	7.563
12.7	5.448	0.722	7.542
12.8	5.482	0.729	7.520
12.9	5.514	0.735	7.499
13.0	5.544	0.741	7.477
13.1	5.571	0.747	7.455
13.2	5.596	0.753	7.433
13.3	5.618	0.758	7.412
13.4	5.637	0.763	7.390
13.5	5.653	0.767	7.369
13.6	5.666	0.771	7.349
13.7	5.677	0.775	7.328
13.8	5.684	0.778	7.308
13.9	5.689	0.781	7.288
14.0	5.692	0.783	7.268
14.1	5.691	0.785	7.249
14.2	5.688	0.787	7.230
14.3	5.682	0.788	7.211
14.4	5.674	0.789	7.193
14.5	5.664	0.789	7.175
14.6	5.651	0.790	7.157
14.7	5.636	0.789	7.139
14.8	5.618	0.789	7.122
14.9	5.598	0.788	7.106
15.0	5.577	0.787	7.089
15.1	5.553	0.785	7.073
15.2	5.527	0.783	7.057
15.3	5.499	0.781	7.042
15.4	5.469	0.778	7.026
15.5	5.437	0.775	7.012
15.6	5.404	0.772	6.997
15.7	5.369	0.769	6.983
15.8	5.333	0.765	6.970
15.9	5.293	0.761	6.956
16.0	5.251	0.756	6.942
16.1	5.205	0.751	6.928
16.2	5.156	0.746	6.914
16.3	5.105	0.740	6.900
16.4	5.051	0.734	6.886
16.5	4.994	0.727	6.871
16.6	4.935	0.720	6.857
16.7	4.874	0.712	6.843
16.8	4.812	0.705	6.829
16.9	4.748	0.697	6.815
17.0	4.682	0.688	6.802
17.1	4.614	0.680	6.788
17.2	4.546	0.671	6.775
17.3	4.477	0.662	6.761
17.4	4.406	0.653	6.748
17.5	4.335	0.644	6.736
17.6	4.264	0.634	6.723
17.7	4.192	0.625	6.711
17.8	4.119	0.615	6.698
17.9	4.047	0.605	6.687
18.0	3.975	0.596	6.675
18.1	3.903	0.586	6.664
18.2	3.832	0.576	6.653
18.3	3.762	0.566	6.642
18.4	3.693	0.557	6.631
18.5	3.624	0.547	6.621
18.6	3.558	0.538	6.611
18.7	3.493	0.529	6.601
18.8	3.429	0.520	6.592
18.9	3.368	0.512	6.582
19.0	3.309	0.503	6.573
19.1	3.253	0.496	6.564
19.2	3.200	0.488	6.555
19.3	3.149	0.481	6.546
19.4	3.102	0.475	6.537
19.5	3.059	0.469	6.528
19.6	3.019	0.463	6.519
19.7	2.984	0.458	6.509
19.8	2.952	0.454	6.499
19.9	2.926	0.451	6.489
20.0	2.904	0.448	6.478
20.1	2.888	0.447	6.466
20.2	2.876	0.446	6.454
20.3	2.867	0.445	6.441
20.4	2.859	0.445	6.429
20.5	2.853	0.445	6.417
20.6	2.849	0.445	6.404
20.7	2.848	0.446	6.392
20.8	2.849	0.447	6.379
20.9	2.853	0.448	6.366
21.0	2.860	0.450	6.353
21.1	2.869	0.453	6.340
21.2	2.881	0.455	6.327
21.3	2.892	0.458	6.313
21.4	2.904	0.461	6.298
21.5	2.917	0.464	6.282
21.6	2.930	0.468	6.266
21.7	2.942	0.471	6.250
21.8	2.954	0.474	6.233
21.9	2.967	0.477	6.217
22.0	2.978	0.480	6.201
22.1	2.990	0.483	6.184
22.2	3.001	0.487	6.168
22.3	3.013	0.490	6.152
22.4	3.023	0.493	6.135
22.5	3.034	0.496	6.119
22.6	3.044	0.499	6.103
22.7	3.054	0.502	6.086
22.8	3.064	0.505	6.070
22.9	3.073	0.508	6.053
23.0	3.083	0.511	6.037
23.1	3.092	0.514	6.021
23.2	3.101	0.516	6.005
23.3	3.110	0.519	5.988
23.4	3.120	0.522	5.972
23.5	3.129	0.525	5.956
23.6	3.138	0.528	5.940
23.7	3.147	0.531	5.924
23.8	3.156	0.534	5.908
23.9	3.165	0.537	5.892
24.0	3.174	0.540	5.876
24.1	3.183	0.543	5.860
24.2	3.192	0.546	5.844
24.3	3.200	0.549	5.828
24.4	3.209	0.552	5.812
24.5	3.218	0.555	5.796
24.6	3.227	0.558	5.781
24.7	3.235	0.561	5.765
24.8	3.244	0.564	5.749
24.9	3.253	0.567	5.734
