aoa	knots	lift
-1.0 	 178.502 	 100.082
-0.9 	 169.201 	 100.214
-0.8 	 161.201 	 100.093
-0.7 	 154.300 	 100.772
-0.6 	 148.200 	 101.107
-0.5 	 142.700 	 100.405
-0.4 	 137.799 	 100.202
-0.3 	 133.399 	 100.412
-0.2 	 129.399 	 100.635
-0.1 	 125.699 	 100.202
-0.0 	 122.399 	 101.397
0.1 	 119.199 	 100.039
0.2 	 116.399 	 101.520
0.3 	 113.699 	 101.323
0.4 	 111.199 	 101.488
0.5 	 108.799 	 100.577
0.6 	 106.599 	 100.664
0.7 	 104.499 	 100.197
0.8 	 102.599 	 101.291
0.9 	 100.699 	 100.344
1.0 	 98.999 	 101.396
1.1 	 97.299 	 100.683
1.2 	 95.699 	 100.316
1.3 	 94.199 	 100.448
1.4 	 92.799 	 101.226
1.5 	 91.399 	 100.642
1.6 	 90.099 	 100.916
1.7 	 88.899 	 102.178
1.8 	 87.599 	 100.071
1.9 	 86.499 	 101.351
2.0 	 85.399 	 101.622
2.1 	 84.299 	 100.912
2.2 	 83.299 	 101.605
2.3 	 82.299 	 101.420
2.4 	 81.299 	 100.380
2.5 	 80.399 	 100.948
2.6 	 79.499 	 100.755
2.7 	 78.699 	 102.317
2.8 	 77.799 	 100.677
2.9 	 76.999 	 100.877
3.0 	 76.199 	 100.431
3.1 	 75.499 	 101.958
3.2 	 74.699 	 100.285
3.3 	 73.999 	 100.661
3.4 	 73.299 	 100.492
3.5 	 72.699 	 102.495
3.6 	 71.999 	 101.288
3.7 	 71.399 	 102.324
3.8 	 70.699 	 100.119
3.9 	 70.100 	 100.221
4.0 	 69.600 	 102.711
4.1 	 69.000 	 101.960
4.2 	 68.400 	 100.782
4.3 	 67.900 	 102.083
4.4 	 67.300 	 100.094
4.5 	 66.800 	 100.643
4.6 	 66.300 	 100.836
4.7 	 65.800 	 100.680
4.8 	 65.300 	 100.179
4.9 	 64.900 	 102.374
5.0 	 64.400 	 101.221
5.1 	 64.000 	 102.818
5.2 	 63.500 	 101.030
5.3 	 63.100 	 102.047
5.4 	 62.700 	 102.789
5.5 	 62.200 	 100.095
5.6 	 61.800 	 100.280
5.7 	 61.400 	 100.202
5.8 	 61.100 	 103.095
5.9 	 60.700 	 102.524
6.0 	 60.300 	 101.700
6.1 	 59.900 	 100.628
6.2 	 59.600 	 102.620
6.3 	 59.200 	 101.078
6.4 	 58.900 	 102.647
6.5 	 58.500 	 100.647
6.6 	 58.200 	 101.803
6.7 	 57.900 	 102.767
6.8 	 57.500 	 100.111
6.9 	 57.200 	 100.676
7.0 	 56.900 	 101.056
7.1 	 56.600 	 101.251
7.2 	 56.300 	 101.265
7.3 	 56.000 	 101.100
7.4 	 55.700 	 100.757
7.5 	 55.400 	 100.238
7.6 	 55.200 	 103.124
7.7 	 54.900 	 102.277
7.8 	 54.600 	 101.260
7.9 	 54.300 	 100.076
8.0 	 54.100 	 102.375
8.1 	 53.800 	 100.876
8.2 	 53.600 	 102.901
8.3 	 53.300 	 101.094
8.4 	 53.100 	 102.850
8.5 	 52.800 	 100.741
8.6 	 52.600 	 102.233
8.7 	 52.400 	 103.604
8.8 	 52.100 	 101.062
8.9 	 51.900 	 102.176
9.0 	 51.700 	 103.174
9.1 	 51.400 	 100.211
9.2 	 51.200 	 100.959
9.3 	 51.000 	 101.592
9.4 	 50.800 	 102.112
9.5 	 50.600 	 102.520
9.6 	 50.400 	 102.818
9.7 	 50.200 	 103.005
9.8 	 50.000 	 103.082
9.9 	 49.800 	 103.051
10.0 	 49.600 	 102.914
10.1 	 49.400 	 102.669
10.2 	 49.200 	 102.319
10.3 	 49.000 	 101.865
10.4 	 48.800 	 101.307
10.5 	 48.600 	 100.647
10.6 	 48.500 	 103.970
10.7 	 48.300 	 103.121
10.8 	 48.100 	 102.172
10.9 	 47.900 	 101.064
11.0 	 47.800 	 103.534
11.1 	 47.600 	 101.239
11.2 	 47.500 	 102.493
11.3 	 47.400 	 103.162
11.4 	 47.300 	 103.254
11.5 	 47.200 	 102.778
11.6 	 47.100 	 101.746
11.7 	 47.000 	 100.167
11.8 	 47.000 	 102.263
11.9 	 47.000 	 103.839
12.0 	 46.900 	 100.676
12.1 	 46.900 	 101.224
12.2 	 46.900 	 101.270
12.3 	 46.900 	 100.821
12.4 	 47.000 	 104.104
12.5 	 47.000 	 102.679
12.6 	 47.000 	 100.779
12.7 	 47.100 	 102.619
12.8 	 47.200 	 103.985
12.9 	 47.200 	 100.684
13.0 	 47.300 	 101.124
13.1 	 47.400 	 101.107
13.2 	 47.500 	 100.636
13.3 	 47.700 	 103.881
13.4 	 47.800 	 102.512
13.5 	 47.900 	 100.711
13.6 	 48.100 	 102.606
13.7 	 48.300 	 104.057
13.8 	 48.400 	 100.969
13.9 	 48.600 	 101.560
14.0 	 48.800 	 101.725
14.1 	 49.000 	 101.474
14.2 	 49.200 	 100.814
14.3 	 49.500 	 103.769
14.4 	 49.700 	 102.304
14.5 	 49.900 	 100.465
14.6 	 50.200 	 102.214
14.7 	 50.500 	 103.575
14.8 	 50.700 	 100.628
14.9 	 51.000 	 101.104
15.0 	 51.300 	 101.058
15.1 	 51.600 	 100.501
15.2 	 52.000 	 103.274
15.3 	 52.300 	 101.726
15.4 	 52.700 	 103.495
15.5 	 53.000 	 100.953
15.6 	 53.400 	 101.588
15.7 	 53.800 	 101.654
15.8 	 54.200 	 101.177
15.9 	 54.600 	 100.188
16.0 	 55.100 	 102.326
16.1 	 55.500 	 100.386
16.2 	 56.000 	 101.592
16.3 	 56.500 	 102.380
16.4 	 57.000 	 102.800
16.5 	 57.500 	 102.903
16.6 	 58.000 	 102.747
16.7 	 58.500 	 102.396
16.8 	 59.000 	 101.919
16.9 	 59.500 	 101.387
17.0 	 60.000 	 100.885
17.1 	 60.500 	 100.495
17.2 	 61.000 	 100.313
17.3 	 61.500 	 100.438
17.4 	 62.000 	 100.975
17.5 	 62.500 	 102.038
17.6 	 62.900 	 100.587
17.7 	 63.400 	 103.087
17.8 	 63.700 	 100.250
17.9 	 64.100 	 101.622
18.0 	 64.400 	 101.116
18.1 	 64.700 	 101.984
18.2 	 64.900 	 101.299
18.3 	 65.100 	 102.279
18.4 	 65.200 	 101.536
18.5 	 65.300 	 100.919
18.6 	 65.400 	 100.375
18.7 	 65.600 	 102.965
18.8 	 65.700 	 102.637
18.9 	 65.800 	 102.458
19.0 	 65.900 	 102.455
19.1 	 66.000 	 102.653
19.2 	 66.000 	 100.069
19.3 	 66.100 	 100.757
19.4 	 66.200 	 101.732
19.5 	 66.200 	 100.017
19.6 	 66.300 	 101.652
19.7 	 66.300 	 100.659
19.8 	 66.300 	 100.071
19.9 	 66.400 	 102.918
20.0 	 66.300 	 100.226
20.1 	 66.300 	 101.025
20.2 	 66.300 	 102.303
20.3 	 66.200 	 100.740
20.4 	 66.200 	 102.282
20.5 	 66.100 	 100.917
20.6 	 66.100 	 102.673
20.7 	 66.000 	 101.525
20.8 	 65.900 	 100.492
20.9 	 65.900 	 102.602
21.0 	 65.800 	 101.814
21.1 	 65.700 	 101.152
21.2 	 65.600 	 100.623
21.3 	 65.500 	 100.228
21.4 	 65.500 	 103.017
21.5 	 65.400 	 102.908
21.6 	 65.300 	 102.946
21.7 	 65.100 	 100.072
21.8 	 65.000 	 100.305
21.9 	 64.900 	 100.509
22.0 	 64.800 	 100.687
22.1 	 64.700 	 100.836
22.2 	 64.600 	 100.957
22.3 	 64.500 	 101.052
22.4 	 64.400 	 101.119
22.5 	 64.300 	 101.159
22.6 	 64.200 	 101.172
22.7 	 64.100 	 101.158
22.8 	 64.000 	 101.117
22.9 	 63.900 	 101.049
23.0 	 63.800 	 100.955
23.1 	 63.700 	 100.835
23.2 	 63.600 	 100.688
23.3 	 63.500 	 100.515
23.4 	 63.400 	 100.316
23.5 	 63.300 	 100.091
23.6 	 63.300 	 102.995
23.7 	 63.200 	 102.723
23.8 	 63.100 	 102.425
23.9 	 63.000 	 102.101
24.0 	 62.900 	 101.752
24.1 	 62.800 	 101.379
24.2 	 62.700 	 100.979
24.3 	 62.600 	 100.554
24.4 	 62.500 	 100.105
24.5 	 62.500 	 102.829
24.6 	 62.400 	 102.334
24.7 	 62.300 	 101.814
24.8 	 62.200 	 101.270
24.9 	 62.100 	 100.702
