aoa	knots	lift
-0.4 	 178.902 	 100.754
-0.3 	 172.801 	 100.674
-0.2 	 167.301 	 100.770
-0.1 	 162.301 	 100.913
-0.0 	 157.700 	 100.736
0.1 	 153.500 	 100.942
0.2 	 149.600 	 100.866
0.3 	 146.000 	 101.011
0.4 	 142.600 	 100.467
0.5 	 139.499 	 100.982
0.6 	 136.499 	 100.091
0.7 	 133.799 	 100.935
0.8 	 131.199 	 100.891
0.9 	 128.699 	 100.134
1.0 	 126.399 	 100.387
1.1 	 124.199 	 100.307
1.2 	 122.099 	 100.040
1.3 	 120.199 	 101.361
1.4 	 118.299 	 101.158
1.5 	 116.499 	 101.167
1.6 	 114.799 	 101.508
1.7 	 113.099 	 100.560
1.8 	 111.499 	 100.120
1.9 	 109.999 	 100.296
2.0 	 108.599 	 101.192
2.1 	 107.199 	 101.073
2.2 	 105.899 	 101.823
2.3 	 104.599 	 101.655
2.4 	 103.299 	 100.593
2.5 	 102.099 	 100.582
2.6 	 100.999 	 101.708
2.7 	 99.799 	 100.119
2.8 	 98.799 	 101.737
2.9 	 97.699 	 100.673
3.0 	 96.699 	 100.942
3.1 	 95.699 	 100.569
3.2 	 94.799 	 101.642
3.3 	 93.799 	 100.044
3.4 	 92.999 	 102.072
3.5 	 92.099 	 101.451
3.6 	 91.199 	 100.288
3.7 	 90.399 	 100.766
3.8 	 89.599 	 100.761
3.9 	 88.799 	 100.281
4.0 	 88.099 	 101.567
4.1 	 87.299 	 100.180
4.2 	 86.599 	 100.612
4.3 	 85.899 	 100.639
4.4 	 85.199 	 100.265
4.5 	 84.599 	 101.826
4.6 	 83.899 	 100.690
4.7 	 83.299 	 101.537
4.8 	 82.699 	 102.044
4.9 	 82.099 	 102.217
5.0 	 81.499 	 102.061
5.1 	 80.899 	 101.580
5.2 	 80.299 	 100.780
5.3 	 79.799 	 102.134
5.4 	 79.199 	 100.726
5.5 	 78.699 	 101.514
5.6 	 78.199 	 102.033
5.7 	 77.699 	 102.288
5.8 	 77.199 	 102.282
5.9 	 76.699 	 102.018
6.0 	 76.199 	 101.499
6.1 	 75.699 	 100.729
6.2 	 75.299 	 102.331
6.3 	 74.799 	 101.084
6.4 	 74.399 	 102.247
6.5 	 73.899 	 100.536
6.6 	 73.499 	 101.270
6.7 	 73.099 	 101.803
6.8 	 72.699 	 102.136
6.9 	 72.299 	 102.272
7.0 	 71.899 	 102.212
7.1 	 71.499 	 101.960
7.2 	 71.099 	 101.517
7.3 	 70.699 	 100.887
7.4 	 70.299 	 100.070
7.5 	 70.000 	 101.887
7.6 	 69.600 	 100.718
7.7 	 69.300 	 102.217
7.8 	 68.900 	 100.703
7.9 	 68.600 	 101.891
8.0 	 68.200 	 100.041
8.1 	 67.900 	 100.923
8.2 	 67.600 	 101.662
8.3 	 67.300 	 102.261
8.4 	 67.000 	 102.719
8.5 	 66.600 	 100.076
8.6 	 66.300 	 100.244
8.7 	 66.000 	 100.276
8.8 	 65.700 	 100.174
8.9 	 65.500 	 102.956
9.0 	 65.200 	 102.603
9.1 	 64.900 	 102.118
9.2 	 64.600 	 101.504
9.3 	 64.300 	 100.762
9.4 	 64.100 	 102.978
9.5 	 63.800 	 101.995
9.6 	 63.500 	 100.888
9.7 	 63.300 	 102.782
9.8 	 63.000 	 101.441
9.9 	 62.800 	 103.130
10.0 	 62.500 	 101.559
10.1 	 62.300 	 103.045
10.2 	 62.000 	 101.250
10.3 	 61.800 	 102.538
10.4 	 61.500 	 100.521
10.5 	 61.300 	 101.614
10.6 	 61.100 	 102.617
10.7 	 60.800 	 100.281
10.8 	 60.600 	 101.094
10.9 	 60.400 	 101.820
11.0 	 60.200 	 102.459
11.1 	 60.000 	 103.012
11.2 	 59.700 	 100.168
11.3 	 59.500 	 100.539
11.4 	 59.300 	 100.825
11.5 	 59.100 	 101.028
11.6 	 58.900 	 101.148
11.7 	 58.700 	 101.186
11.8 	 58.500 	 101.143
11.9 	 58.300 	 101.019
12.0 	 58.100 	 100.816
12.1 	 57.900 	 100.532
12.2 	 57.700 	 100.169
12.3 	 57.600 	 103.166
12.4 	 57.400 	 102.353
12.5 	 57.200 	 100.950
12.6 	 57.100 	 102.438
12.7 	 57.000 	 103.376
12.8 	 56.800 	 100.287
12.9 	 56.700 	 100.146
13.0 	 56.700 	 102.979
13.1 	 56.600 	 101.808
13.2 	 56.500 	 100.134
13.3 	 56.500 	 101.470
13.4 	 56.500 	 102.324
13.5 	 56.500 	 102.703
13.6 	 56.500 	 102.612
13.7 	 56.500 	 102.060
13.8 	 56.500 	 101.052
13.9 	 56.600 	 103.101
14.0 	 56.600 	 101.201
14.1 	 56.700 	 102.365
14.2 	 56.800 	 103.093
14.3 	 56.900 	 103.391
14.4 	 57.000 	 103.265
14.5 	 57.100 	 102.720
14.6 	 57.200 	 101.764
14.7 	 57.300 	 100.404
14.8 	 57.500 	 102.097
14.9 	 57.700 	 103.382
15.0 	 57.800 	 100.834
15.1 	 58.000 	 101.332
15.2 	 58.200 	 101.443
15.3 	 58.400 	 101.175
15.4 	 58.600 	 100.537
15.5 	 58.900 	 102.909
15.6 	 59.100 	 101.546
15.7 	 59.400 	 103.187
15.8 	 59.600 	 101.141
15.9 	 59.900 	 102.094
16.0 	 60.200 	 102.714
16.1 	 60.500 	 103.014
16.2 	 60.800 	 103.010
16.3 	 61.100 	 102.716
16.4 	 61.400 	 102.152
16.5 	 61.700 	 101.333
16.6 	 62.000 	 100.283
16.7 	 62.400 	 102.203
16.8 	 62.700 	 100.735
16.9 	 63.100 	 102.251
17.0 	 63.400 	 100.464
17.1 	 63.800 	 101.679
17.2 	 64.200 	 102.781
17.3 	 64.500 	 100.722
17.4 	 64.900 	 101.712
17.5 	 65.300 	 102.691
17.6 	 65.600 	 100.669
17.7 	 66.000 	 101.762
17.8 	 66.400 	 102.968
17.9 	 66.700 	 101.354
18.0 	 67.100 	 102.943
18.1 	 67.400 	 101.842
18.2 	 67.700 	 101.082
18.3 	 68.000 	 100.668
18.4 	 68.300 	 100.436
18.5 	 68.600 	 100.419
18.6 	 68.900 	 100.680
18.7 	 69.200 	 101.283
18.8 	 69.500 	 102.297
18.9 	 69.700 	 100.942
19.0 	 69.900 	 100.164
19.1 	 70.100 	 100.033
19.2 	 70.299 	 100.628
19.3 	 70.499 	 102.022
19.4 	 70.599 	 101.332
19.5 	 70.699 	 101.396
19.6 	 70.799 	 102.302
19.7 	 70.799 	 101.263
19.8 	 70.799 	 100.187
19.9 	 70.899 	 101.580
20.0 	 70.999 	 102.655
20.1 	 70.999 	 100.632
20.2 	 71.099 	 101.140
20.3 	 71.199 	 101.400
20.4 	 71.299 	 101.435
20.5 	 71.399 	 101.271
20.6 	 71.499 	 100.932
20.7 	 71.599 	 100.445
20.8 	 71.799 	 102.610
20.9 	 71.899 	 101.903
21.0 	 71.999 	 101.129
21.1 	 72.099 	 100.320
21.2 	 72.299 	 102.259
21.3 	 72.399 	 101.462
21.4 	 72.499 	 100.721
21.5 	 72.599 	 100.068
21.6 	 72.799 	 102.273
21.7 	 72.899 	 101.893
21.8 	 72.999 	 101.704
21.9 	 73.099 	 101.741
22.0 	 73.199 	 102.041
22.1 	 73.299 	 102.642
22.2 	 73.299 	 100.863
22.3 	 73.399 	 102.179
22.4 	 73.399 	 101.196
22.5 	 73.399 	 100.669
22.6 	 73.399 	 100.633
22.7 	 73.399 	 100.830
22.8 	 73.399 	 101.089
22.9 	 73.399 	 101.420
23.0 	 73.399 	 101.831
23.1 	 73.399 	 102.328
23.2 	 73.299 	 100.204
23.3 	 73.299 	 100.899
23.4 	 73.299 	 101.705
23.5 	 73.299 	 102.631
23.6 	 73.199 	 100.958
23.7 	 73.199 	 102.141
23.8 	 73.099 	 100.738
23.9 	 73.099 	 102.207
24.0 	 72.999 	 101.100
24.1 	 72.899 	 100.150
24.2 	 72.899 	 102.099
24.3 	 72.799 	 101.483
24.4 	 72.699 	 101.043
24.5 	 72.599 	 100.782
24.6 	 72.499 	 100.706
24.7 	 72.399 	 100.685
24.8 	 72.299 	 100.641
24.9 	 72.199 	 100.573
