aoa	lift	drag	lvsd
-5.0	-1.178	0.116	-10.116
-4.9	-1.145	0.115	-9.972
-4.8	-1.111	0.115	-9.690
-4.7	-1.078	0.115	-9.357
-4.6	-1.044	0.116	-9.026
-4.5	-1.010	0.116	-8.695
-4.4	-0.977	0.117	-8.366
-4.3	-0.943	0.117	-8.039
-4.2	-0.909	0.118	-7.713
-4.1	-0.876	0.119	-7.389
-4.0	-0.842	0.119	-7.067
-3.9	-0.809	0.120	-6.748
-3.8	-0.775	0.121	-6.430
-3.7	-0.741	0.121	-6.115
-3.6	-0.708	0.122	-5.803
-3.5	-0.674	0.123	-5.493
-3.4	-0.640	0.123	-5.186
-3.3	-0.607	0.124	-4.882
-3.2	-0.573	0.125	-4.580
-3.1	-0.539	0.126	-4.282
-3.0	-0.506	0.127	-3.987
-2.9	-0.472	0.128	-3.696
-2.8	-0.438	0.129	-3.408
-2.7	-0.404	0.130	-3.123
-2.6	-0.371	0.130	-2.842
-2.5	-0.337	0.131	-2.564
-2.4	-0.303	0.132	-2.290
-2.3	-0.270	0.133	-2.020
-2.2	-0.236	0.135	-1.754
-2.1	-0.202	0.136	-1.492
-2.0	-0.169	0.137	-1.233
-1.9	-0.135	0.138	-0.979
-1.8	-0.101	0.139	-0.728
-1.7	-0.068	0.140	-0.482
-1.6	-0.034	0.141	-0.239
-1.5	-0.000	0.143	-0.001
-1.4	0.034	0.144	0.233
-1.3	0.067	0.145	0.463
-1.2	0.101	0.146	0.689
-1.1	0.135	0.148	0.911
-1.0	0.168	0.149	1.129
-0.9	0.202	0.150	1.342
-0.8	0.236	0.152	1.552
-0.7	0.269	0.153	1.757
-0.6	0.303	0.155	1.958
-0.5	0.337	0.156	2.155
-0.4	0.370	0.158	2.348
-0.3	0.404	0.159	2.537
-0.2	0.437	0.161	2.722
-0.1	0.471	0.162	2.903
-0.0	0.505	0.164	3.079
0.1	0.538	0.165	3.252
0.2	0.572	0.167	3.421
0.3	0.605	0.169	3.586
0.4	0.639	0.171	3.747
0.5	0.673	0.172	3.905
0.6	0.706	0.174	4.058
0.7	0.740	0.176	4.208
0.8	0.773	0.178	4.354
0.9	0.807	0.179	4.497
1.0	0.840	0.181	4.636
1.1	0.874	0.183	4.771
1.2	0.907	0.185	4.903
1.3	0.941	0.187	5.032
1.4	0.974	0.189	5.157
1.5	1.008	0.191	5.278
1.6	1.041	0.193	5.397
1.7	1.074	0.195	5.512
1.8	1.108	0.197	5.624
1.9	1.141	0.199	5.732
2.0	1.175	0.201	5.838
2.1	1.208	0.203	5.941
2.2	1.241	0.205	6.040
2.3	1.275	0.208	6.137
2.4	1.308	0.210	6.231
2.5	1.341	0.212	6.322
2.6	1.374	0.214	6.410
2.7	1.408	0.217	6.496
2.8	1.441	0.219	6.579
2.9	1.474	0.221	6.659
3.0	1.507	0.224	6.737
3.1	1.540	0.226	6.812
3.2	1.574	0.229	6.885
3.3	1.607	0.231	6.955
3.4	1.640	0.233	7.023
3.5	1.673	0.236	7.089
3.6	1.706	0.239	7.152
3.7	1.739	0.241	7.213
3.8	1.772	0.244	7.272
3.9	1.805	0.246	7.329
4.0	1.838	0.249	7.384
4.1	1.871	0.252	7.437
4.2	1.904	0.254	7.488
4.3	1.937	0.257	7.537
4.4	1.970	0.260	7.584
4.5	2.002	0.262	7.629
4.6	2.035	0.265	7.672
4.7	2.068	0.268	7.714
4.8	2.101	0.271	7.754
4.9	2.134	0.274	7.792
5.0	2.166	0.277	7.828
5.1	2.199	0.280	7.863
5.2	2.232	0.283	7.897
5.3	2.264	0.286	7.929
5.4	2.297	0.289	7.959
5.5	2.330	0.292	7.988
5.6	2.362	0.295	8.016
5.7	2.395	0.298	8.042
5.8	2.427	0.301	8.067
5.9	2.460	0.304	8.090
6.0	2.492	0.307	8.112
6.1	2.524	0.310	8.133
6.2	2.557	0.314	8.153
6.3	2.589	0.317	8.172
6.4	2.621	0.320	8.189
6.5	2.654	0.323	8.206
6.6	2.686	0.327	8.221
6.7	2.718	0.330	8.235
6.8	2.750	0.333	8.248
6.9	2.782	0.337	8.260
7.0	2.814	0.340	8.272
7.1	2.846	0.344	8.282
7.2	2.878	0.347	8.291
7.3	2.910	0.351	8.299
7.4	2.942	0.354	8.307
7.5	2.974	0.358	8.314
7.6	3.006	0.361	8.319
7.7	3.038	0.365	8.324
7.8	3.070	0.369	8.329
7.9	3.102	0.372	8.332
8.0	3.133	0.376	8.335
8.1	3.165	0.380	8.337
8.2	3.197	0.383	8.338
8.3	3.228	0.387	8.339
8.4	3.260	0.391	8.338
8.5	3.291	0.395	8.338
8.6	3.323	0.399	8.336
8.7	3.354	0.402	8.334
8.8	3.386	0.406	8.332
8.9	3.417	0.410	8.329
9.0	3.448	0.414	8.325
9.1	3.480	0.418	8.321
9.2	3.511	0.422	8.316
9.3	3.542	0.426	8.311
9.4	3.573	0.430	8.305
9.5	3.604	0.434	8.299
9.6	3.635	0.438	8.292
9.7	3.666	0.443	8.285
9.8	3.697	0.447	8.277
9.9	3.728	0.451	8.269
10.0	3.759	0.455	8.261
10.1	3.790	0.459	8.252
10.2	3.821	0.464	8.243
10.3	3.851	0.468	8.233
10.4	3.882	0.472	8.223
10.5	3.913	0.476	8.213
10.6	3.943	0.481	8.203
10.7	3.974	0.486	8.181
10.8	4.004	0.491	8.156
10.9	4.034	0.496	8.131
11.0	4.065	0.501	8.106
11.1	4.095	0.507	8.081
11.2	4.125	0.512	8.057
11.3	4.155	0.517	8.032
11.4	4.185	0.523	8.007
11.5	4.215	0.528	7.982
11.6	4.245	0.533	7.958
11.7	4.275	0.539	7.933
11.8	4.305	0.544	7.908
11.9	4.334	0.550	7.884
12.0	4.364	0.555	7.860
12.1	4.394	0.561	7.835
12.2	4.423	0.566	7.811
12.3	4.453	0.572	7.787
12.4	4.481	0.577	7.762
12.5	4.506	0.582	7.737
12.6	4.530	0.587	7.712
12.7	4.550	0.592	7.686
12.8	4.568	0.596	7.659
12.9	4.583	0.600	7.633
13.0	4.595	0.604	7.606
13.1	4.604	0.607	7.579
13.2	4.611	0.611	7.552
13.3	4.614	0.613	7.525
13.4	4.616	0.616	7.497
13.5	4.614	0.618	7.470
13.6	4.610	0.619	7.442
13.7	4.603	0.621	7.414
13.8	4.594	0.622	7.386
13.9	4.583	0.623	7.358
14.0	4.569	0.623	7.330
14.1	4.552	0.624	7.301
14.2	4.534	0.623	7.273
14.3	4.513	0.623	7.244
14.4	4.490	0.622	7.216
14.5	4.465	0.621	7.187
14.6	4.438	0.620	7.159
14.7	4.409	0.618	7.130
14.8	4.378	0.616	7.101
14.9	4.345	0.614	7.073
15.0	4.310	0.612	7.044
15.1	4.274	0.609	7.015
15.2	4.236	0.606	6.987
15.3	4.196	0.603	6.958
15.4	4.156	0.600	6.929
15.5	4.113	0.596	6.901
15.6	4.070	0.592	6.872
15.7	4.025	0.588	6.843
15.8	3.979	0.584	6.815
15.9	3.932	0.579	6.786
16.0	3.884	0.575	6.758
16.1	3.836	0.570	6.730
16.2	3.786	0.565	6.701
16.3	3.737	0.560	6.673
16.4	3.686	0.555	6.645
16.5	3.635	0.549	6.617
16.6	3.584	0.544	6.590
16.7	3.533	0.538	6.562
16.8	3.481	0.533	6.534
16.9	3.430	0.527	6.507
17.0	3.378	0.521	6.480
17.1	3.327	0.516	6.453
17.2	3.277	0.510	6.426
17.3	3.227	0.504	6.400
17.4	3.177	0.499	6.373
17.5	3.129	0.493	6.348
17.6	3.081	0.487	6.322
17.7	3.034	0.482	6.297
17.8	2.989	0.476	6.272
17.9	2.944	0.471	6.248
18.0	2.902	0.466	6.224
18.1	2.860	0.461	6.200
18.2	2.821	0.457	6.178
18.3	2.783	0.452	6.155
18.4	2.747	0.448	6.134
18.5	2.711	0.443	6.115
18.6	2.677	0.439	6.096
18.7	2.645	0.435	6.079
18.8	2.614	0.431	6.064
18.9	2.586	0.427	6.050
19.0	2.560	0.424	6.037
19.1	2.536	0.421	6.026
19.2	2.514	0.418	6.016
19.3	2.496	0.415	6.008
19.4	2.481	0.413	6.001
19.5	2.469	0.412	5.994
19.6	2.462	0.411	5.989
19.7	2.459	0.411	5.985
19.8	2.457	0.411	5.981
19.9	2.456	0.411	5.977
20.0	2.454	0.411	5.973
20.1	2.453	0.411	5.968
20.2	2.453	0.411	5.964
20.3	2.453	0.412	5.959
20.4	2.453	0.412	5.955
20.5	2.454	0.412	5.950
20.6	2.456	0.413	5.944
20.7	2.458	0.414	5.939
20.8	2.460	0.415	5.933
20.9	2.463	0.416	5.927
21.0	2.467	0.417	5.920
21.1	2.472	0.418	5.913
21.2	2.477	0.419	5.905
21.3	2.482	0.421	5.897
21.4	2.488	0.423	5.889
21.5	2.495	0.424	5.880
21.6	2.502	0.426	5.871
21.7	2.510	0.428	5.861
21.8	2.518	0.430	5.850
21.9	2.527	0.433	5.839
22.0	2.537	0.435	5.827
22.1	2.547	0.438	5.814
22.2	2.559	0.441	5.801
22.3	2.571	0.444	5.787
22.4	2.584	0.448	5.772
22.5	2.599	0.452	5.756
22.6	2.614	0.456	5.739
22.7	2.630	0.460	5.722
22.8	2.646	0.464	5.705
22.9	2.661	0.468	5.688
23.0	2.676	0.472	5.672
23.1	2.691	0.476	5.656
23.2	2.705	0.480	5.640
23.3	2.719	0.484	5.624
23.4	2.733	0.487	5.609
23.5	2.746	0.491	5.593
23.6	2.759	0.495	5.579
23.7	2.772	0.498	5.564
23.8	2.784	0.502	5.550
23.9	2.796	0.505	5.536
24.0	2.807	0.508	5.522
24.1	2.818	0.512	5.509
24.2	2.828	0.515	5.496
24.3	2.838	0.518	5.484
24.4	2.847	0.520	5.472
24.5	2.856	0.523	5.460
24.6	2.864	0.526	5.449
24.7	2.872	0.528	5.438
24.8	2.880	0.531	5.426
24.9	2.887	0.533	5.415
