knots	drag
0.000	-0.097
0.100	-0.096
0.200	-0.096
0.300	-0.095
0.400	-0.095
0.500	-0.094
0.600	-0.094
0.700	-0.093
0.800	-0.093
0.900	-0.092
1.000	-0.092
1.100	-0.091
1.200	-0.091
1.300	-0.090
1.400	-0.090
1.500	-0.090
1.600	-0.089
1.700	-0.089
1.800	-0.088
1.900	-0.088
2.000	-0.087
2.100	-0.087
2.200	-0.086
2.300	-0.086
2.400	-0.085
2.500	-0.085
2.600	-0.085
2.700	-0.084
2.800	-0.084
2.900	-0.083
3.000	-0.083
3.100	-0.082
3.200	-0.082
3.300	-0.082
3.400	-0.081
3.500	-0.081
3.600	-0.080
3.700	-0.080
3.800	-0.079
3.900	-0.079
4.000	-0.079
4.100	-0.078
4.200	-0.078
4.300	-0.077
4.400	-0.077
4.500	-0.076
4.600	-0.076
4.700	-0.076
4.800	-0.075
4.900	-0.075
5.000	-0.074
5.100	-0.074
5.200	-0.074
5.300	-0.073
5.400	-0.073
5.500	-0.072
5.600	-0.072
5.700	-0.072
5.800	-0.071
5.900	-0.071
6.000	-0.070
6.100	-0.070
6.200	-0.070
6.300	-0.069
6.400	-0.069
6.500	-0.069
6.600	-0.068
6.700	-0.068
6.800	-0.067
6.900	-0.067
7.000	-0.067
7.100	-0.066
7.200	-0.066
7.300	-0.066
7.400	-0.065
7.500	-0.065
7.600	-0.064
7.700	-0.064
7.800	-0.064
7.900	-0.063
8.000	-0.063
8.100	-0.063
8.200	-0.062
8.300	-0.062
8.400	-0.062
8.500	-0.061
8.600	-0.061
8.700	-0.060
8.800	-0.060
8.900	-0.060
9.000	-0.059
9.100	-0.059
9.200	-0.059
9.300	-0.058
9.400	-0.058
9.500	-0.058
9.600	-0.057
9.700	-0.057
9.800	-0.057
9.900	-0.056
10.000	-0.056
10.100	-0.056
10.200	-0.055
10.300	-0.055
10.400	-0.055
10.500	-0.054
10.600	-0.054
10.700	-0.054
10.800	-0.053
10.900	-0.053
11.000	-0.053
11.100	-0.052
11.200	-0.052
11.300	-0.052
11.400	-0.051
11.500	-0.051
11.600	-0.051
11.700	-0.050
11.800	-0.050
11.900	-0.050
12.000	-0.049
12.100	-0.049
12.200	-0.049
12.300	-0.048
12.400	-0.048
12.500	-0.048
12.600	-0.047
12.700	-0.047
12.800	-0.047
12.900	-0.046
13.000	-0.046
13.100	-0.046
13.200	-0.045
13.300	-0.045
13.400	-0.045
13.500	-0.044
13.600	-0.044
13.700	-0.044
13.800	-0.043
13.900	-0.043
14.000	-0.043
14.100	-0.043
14.200	-0.042
14.300	-0.042
14.400	-0.042
14.500	-0.041
14.600	-0.041
14.700	-0.041
14.800	-0.040
14.900	-0.040
15.000	-0.040
15.100	-0.039
15.200	-0.039
15.300	-0.039
15.400	-0.038
15.500	-0.038
15.600	-0.038
15.700	-0.038
15.800	-0.037
15.900	-0.037
16.000	-0.037
16.100	-0.036
16.200	-0.036
16.300	-0.036
16.400	-0.035
16.500	-0.035
16.600	-0.035
16.700	-0.035
16.800	-0.034
16.900	-0.034
17.000	-0.034
17.100	-0.033
17.200	-0.033
17.300	-0.033
17.400	-0.032
17.500	-0.032
17.600	-0.032
17.700	-0.032
17.800	-0.031
17.900	-0.031
18.000	-0.031
18.100	-0.030
18.200	-0.030
18.300	-0.030
18.400	-0.029
18.500	-0.029
18.600	-0.029
18.700	-0.029
18.800	-0.028
18.900	-0.028
19.000	-0.028
19.100	-0.027
19.200	-0.027
19.300	-0.027
19.400	-0.027
19.500	-0.026
19.600	-0.026
19.700	-0.026
19.800	-0.025
19.900	-0.025
20.000	-0.025
20.100	-0.024
20.200	-0.024
20.300	-0.024
20.400	-0.024
20.500	-0.023
20.600	-0.023
20.700	-0.023
20.800	-0.022
20.900	-0.022
21.000	-0.022
21.100	-0.022
21.200	-0.021
21.300	-0.021
21.400	-0.021
21.500	-0.020
21.600	-0.020
21.700	-0.020
21.800	-0.020
21.900	-0.019
22.000	-0.019
22.100	-0.019
22.200	-0.018
22.300	-0.018
22.400	-0.018
22.500	-0.018
22.600	-0.017
22.700	-0.017
22.800	-0.017
22.900	-0.016
23.000	-0.016
23.100	-0.016
23.200	-0.015
23.300	-0.015
23.400	-0.015
23.500	-0.015
23.600	-0.014
23.700	-0.014
23.800	-0.014
23.900	-0.013
24.000	-0.013
24.100	-0.013
24.200	-0.012
24.300	-0.012
24.400	-0.012
24.500	-0.011
24.600	-0.011
24.700	-0.010
24.800	-0.010
24.900	-0.009
25.000	-0.009
25.100	-0.009
25.200	-0.008
25.300	-0.008
25.400	-0.007
25.500	-0.007
25.600	-0.006
25.700	-0.006
25.800	-0.006
25.900	-0.005
26.000	-0.005
26.100	-0.004
26.200	-0.004
26.300	-0.004
26.400	-0.003
26.500	-0.003
26.600	-0.002
26.700	-0.002
26.800	-0.001
26.900	-0.001
27.000	-0.001
27.100	-0.000
27.200	0.000
27.300	0.001
27.400	0.001
27.500	0.001
27.600	0.002
27.700	0.002
27.800	0.003
27.900	0.003
28.000	0.003
28.100	0.004
28.200	0.004
28.300	0.004
28.400	0.005
28.500	0.005
28.600	0.006
28.700	0.006
28.800	0.006
28.900	0.007
29.000	0.007
29.100	0.008
29.200	0.008
29.300	0.008
29.400	0.009
29.500	0.009
29.600	0.009
29.700	0.010
29.800	0.010
29.900	0.011
30.000	0.011
30.100	0.011
30.200	0.012
30.300	0.012
30.400	0.013
30.500	0.013
30.600	0.013
30.700	0.014
30.800	0.014
30.900	0.014
31.000	0.015
31.100	0.015
31.200	0.015
31.300	0.016
31.400	0.016
31.500	0.017
31.600	0.017
31.700	0.017
31.800	0.018
31.900	0.018
32.000	0.018
32.100	0.019
32.200	0.019
32.300	0.020
32.400	0.020
32.500	0.020
32.600	0.021
32.700	0.021
32.800	0.021
32.900	0.022
33.000	0.022
33.100	0.022
33.200	0.023
33.300	0.023
33.400	0.024
33.500	0.024
33.600	0.024
33.700	0.025
33.800	0.025
33.900	0.025
34.000	0.026
34.100	0.026
34.200	0.026
34.300	0.027
34.400	0.027
34.500	0.027
34.600	0.028
34.700	0.028
34.800	0.029
34.900	0.029
35.000	0.029
35.100	0.030
35.200	0.030
35.300	0.030
35.400	0.031
35.500	0.031
35.600	0.031
35.700	0.032
35.800	0.032
35.900	0.032
36.000	0.033
36.100	0.033
36.200	0.034
36.300	0.034
36.400	0.034
36.500	0.035
36.600	0.035
36.700	0.035
36.800	0.036
36.900	0.036
37.000	0.036
37.100	0.037
37.200	0.037
37.300	0.037
37.400	0.038
37.500	0.038
37.600	0.039
37.700	0.039
37.800	0.039
37.900	0.040
38.000	0.040
38.100	0.040
38.200	0.041
38.300	0.041
38.400	0.041
38.500	0.042
38.600	0.042
38.700	0.042
38.800	0.043
38.900	0.043
39.000	0.043
39.100	0.044
39.200	0.044
39.300	0.045
39.400	0.045
39.500	0.045
39.600	0.046
39.700	0.046
39.800	0.046
39.900	0.047
40.000	0.047
40.100	0.047
40.200	0.048
40.300	0.048
40.400	0.048
40.500	0.049
40.600	0.049
40.700	0.050
40.800	0.050
40.900	0.050
41.000	0.051
41.100	0.051
41.200	0.051
41.300	0.052
41.400	0.052
41.500	0.052
41.600	0.053
41.700	0.053
41.800	0.053
41.900	0.054
42.000	0.054
42.100	0.054
42.200	0.055
42.300	0.055
42.400	0.056
42.500	0.056
42.600	0.056
42.700	0.057
42.800	0.057
42.900	0.057
43.000	0.058
43.100	0.058
43.200	0.058
43.300	0.059
43.400	0.059
43.500	0.059
43.600	0.060
43.700	0.060
43.800	0.061
43.900	0.061
44.000	0.061
44.100	0.062
44.200	0.062
44.300	0.062
44.400	0.063
44.500	0.063
44.600	0.063
44.700	0.064
44.800	0.064
44.900	0.064
45.000	0.065
45.100	0.065
45.200	0.065
45.300	0.066
45.400	0.066
45.500	0.067
45.600	0.067
45.700	0.067
45.800	0.068
45.900	0.068
46.000	0.068
46.100	0.069
46.200	0.069
46.300	0.069
46.400	0.070
46.500	0.070
46.600	0.070
46.700	0.071
46.800	0.071
46.900	0.072
47.000	0.072
47.100	0.072
47.200	0.073
47.300	0.073
47.400	0.073
47.500	0.074
47.600	0.074
47.700	0.074
47.800	0.075
47.900	0.075
48.000	0.076
48.100	0.076
48.200	0.076
48.300	0.077
48.400	0.077
48.500	0.077
48.600	0.078
48.700	0.078
48.800	0.078
48.900	0.079
49.000	0.079
49.100	0.079
49.200	0.080
49.300	0.080
49.400	0.081
49.500	0.081
49.600	0.081
49.700	0.082
49.800	0.082
49.900	0.082
50.000	0.083
50.100	0.083
50.200	0.083
50.300	0.084
50.400	0.084
50.500	0.085
50.600	0.085
50.700	0.085
50.800	0.086
50.900	0.086
51.000	0.086
51.100	0.087
51.200	0.087
51.300	0.088
51.400	0.088
51.500	0.088
51.600	0.089
51.700	0.089
51.800	0.089
51.900	0.090
52.000	0.090
52.100	0.091
52.200	0.091
52.300	0.091
52.400	0.092
52.500	0.092
52.600	0.092
52.700	0.093
52.800	0.093
52.900	0.094
53.000	0.094
53.100	0.094
53.200	0.095
53.300	0.095
53.400	0.095
53.500	0.096
53.600	0.096
53.700	0.097
53.800	0.097
53.900	0.097
54.000	0.098
54.100	0.098
54.200	0.098
54.300	0.099
54.400	0.099
54.500	0.100
54.600	0.100
54.700	0.100
54.800	0.101
54.900	0.101
55.000	0.101
55.100	0.102
55.200	0.102
55.300	0.103
55.400	0.103
55.500	0.103
55.600	0.104
55.700	0.104
55.800	0.105
55.900	0.105
56.000	0.105
56.100	0.106
56.200	0.106
56.300	0.106
56.400	0.107
56.500	0.107
56.600	0.108
56.700	0.108
56.800	0.108
56.900	0.109
57.000	0.109
57.100	0.110
57.200	0.110
57.300	0.110
57.400	0.111
57.500	0.111
57.600	0.112
57.700	0.112
57.800	0.112
57.900	0.113
58.000	0.113
58.100	0.114
58.200	0.114
58.300	0.114
58.400	0.115
58.500	0.115
58.600	0.116
58.700	0.116
58.800	0.116
58.900	0.117
59.000	0.117
59.100	0.118
59.200	0.118
59.300	0.118
59.400	0.119
59.500	0.119
59.600	0.120
59.700	0.120
59.800	0.120
59.900	0.121
60.000	0.121
60.100	0.122
60.200	0.122
60.300	0.122
60.400	0.123
60.500	0.123
60.600	0.124
60.700	0.124
60.800	0.124
60.900	0.125
61.000	0.125
61.100	0.126
61.200	0.126
61.300	0.126
61.400	0.127
61.500	0.127
61.600	0.128
61.700	0.128
61.800	0.129
61.900	0.129
62.000	0.129
62.100	0.130
62.200	0.130
62.300	0.131
62.400	0.131
62.500	0.131
62.600	0.132
62.700	0.132
62.800	0.133
62.900	0.133
63.000	0.134
63.100	0.134
63.200	0.134
63.300	0.135
63.400	0.135
63.500	0.136
63.600	0.136
63.700	0.137
63.800	0.137
63.900	0.137
64.000	0.138
64.100	0.138
64.200	0.139
64.300	0.139
64.400	0.139
64.500	0.140
64.600	0.140
64.700	0.141
64.800	0.141
64.900	0.142
65.000	0.142
65.100	0.142
65.200	0.143
65.300	0.143
65.400	0.144
65.500	0.144
65.600	0.145
65.700	0.145
65.800	0.146
65.900	0.146
66.000	0.146
66.100	0.147
66.200	0.147
66.300	0.148
66.400	0.148
66.500	0.149
66.600	0.149
66.700	0.149
66.800	0.150
66.900	0.150
67.000	0.151
67.100	0.151
67.200	0.152
67.300	0.152
67.400	0.153
67.500	0.153
67.600	0.153
67.700	0.154
67.800	0.154
67.900	0.155
68.000	0.155
68.100	0.156
68.200	0.156
68.300	0.157
68.400	0.157
68.500	0.157
68.600	0.158
68.700	0.158
68.800	0.159
68.900	0.159
69.000	0.160
69.100	0.160
69.200	0.161
69.300	0.161
69.400	0.161
69.500	0.162
69.600	0.162
69.700	0.163
69.800	0.163
69.900	0.164
70.000	0.164
70.100	0.165
70.200	0.165
70.299	0.166
70.399	0.166
70.499	0.166
70.599	0.167
70.699	0.167
70.799	0.168
70.899	0.168
70.999	0.169
71.099	0.169
71.199	0.170
71.299	0.170
71.399	0.171
71.499	0.171
71.599	0.172
71.699	0.172
71.799	0.172
71.899	0.173
71.999	0.173
72.099	0.174
72.199	0.174
72.299	0.175
72.399	0.175
72.499	0.176
72.599	0.176
72.699	0.177
72.799	0.177
72.899	0.178
72.999	0.178
73.099	0.179
73.199	0.179
73.299	0.180
73.399	0.180
73.499	0.181
73.599	0.181
73.699	0.181
73.799	0.182
73.899	0.182
73.999	0.183
74.099	0.183
74.199	0.184
74.299	0.184
74.399	0.185
74.499	0.185
74.599	0.186
74.699	0.186
74.799	0.187
74.899	0.187
74.999	0.188
75.099	0.188
75.199	0.189
75.299	0.189
75.399	0.190
75.499	0.190
75.599	0.191
75.699	0.191
75.799	0.192
75.899	0.192
75.999	0.193
76.099	0.193
76.199	0.194
76.299	0.194
76.399	0.195
76.499	0.195
76.599	0.195
76.699	0.196
76.799	0.196
76.899	0.197
76.999	0.197
77.099	0.198
77.199	0.198
77.299	0.199
77.399	0.199
77.499	0.200
77.599	0.200
77.699	0.201
77.799	0.201
77.899	0.202
77.999	0.202
78.099	0.203
78.199	0.203
78.299	0.204
78.399	0.204
78.499	0.205
78.599	0.205
78.699	0.206
78.799	0.206
78.899	0.207
78.999	0.207
79.099	0.208
79.199	0.208
79.299	0.209
79.399	0.209
79.499	0.210
79.599	0.211
79.699	0.211
79.799	0.212
79.899	0.212
79.999	0.213
80.099	0.213
80.199	0.214
80.299	0.214
80.399	0.215
80.499	0.215
80.599	0.216
80.699	0.216
80.799	0.217
80.899	0.217
80.999	0.218
81.099	0.218
81.199	0.219
81.299	0.219
81.399	0.220
81.499	0.220
81.599	0.221
81.699	0.221
81.799	0.222
81.899	0.222
81.999	0.223
82.099	0.223
82.199	0.224
82.299	0.224
82.399	0.225
82.499	0.225
82.599	0.226
82.699	0.227
82.799	0.227
82.899	0.228
82.999	0.228
83.099	0.229
83.199	0.229
83.299	0.230
83.399	0.230
83.499	0.231
83.599	0.231
83.699	0.232
83.799	0.232
83.899	0.233
83.999	0.233
84.099	0.234
84.199	0.235
84.299	0.235
84.399	0.236
84.499	0.236
84.599	0.237
84.699	0.237
84.799	0.238
84.899	0.238
84.999	0.239
85.099	0.239
85.199	0.240
85.299	0.240
85.399	0.241
85.499	0.241
85.599	0.242
85.699	0.243
85.799	0.243
85.899	0.244
85.999	0.244
86.099	0.245
86.199	0.245
86.299	0.246
86.399	0.246
86.499	0.247
86.599	0.247
86.699	0.248
86.799	0.249
86.899	0.249
86.999	0.250
87.099	0.250
87.199	0.251
87.299	0.251
87.399	0.252
87.499	0.252
87.599	0.253
87.699	0.254
87.799	0.254
87.899	0.255
87.999	0.255
88.099	0.256
88.199	0.256
88.299	0.257
88.399	0.257
88.499	0.258
88.599	0.259
88.699	0.259
88.799	0.260
88.899	0.260
88.999	0.261
89.099	0.261
89.199	0.262
89.299	0.262
89.399	0.263
89.499	0.264
89.599	0.264
89.699	0.265
89.799	0.265
89.899	0.266
89.999	0.266
90.099	0.267
90.199	0.268
90.299	0.268
90.399	0.269
90.499	0.269
90.599	0.270
90.699	0.270
90.799	0.271
90.899	0.272
90.999	0.272
91.099	0.273
91.199	0.273
91.299	0.274
91.399	0.274
91.499	0.275
91.599	0.276
91.699	0.276
91.799	0.277
91.899	0.277
91.999	0.278
92.099	0.278
92.199	0.279
92.299	0.280
92.399	0.280
92.499	0.281
92.599	0.281
92.699	0.282
92.799	0.282
92.899	0.283
92.999	0.284
93.099	0.284
93.199	0.285
93.299	0.285
93.399	0.286
93.499	0.287
93.599	0.287
93.699	0.288
93.799	0.288
93.899	0.289
93.999	0.290
94.099	0.290
94.199	0.291
94.299	0.291
94.399	0.292
94.499	0.292
94.599	0.293
94.699	0.294
94.799	0.294
94.899	0.295
94.999	0.295
95.099	0.296
95.199	0.297
95.299	0.297
95.399	0.298
95.499	0.298
95.599	0.299
95.699	0.300
95.799	0.300
95.899	0.301
95.999	0.301
96.099	0.302
96.199	0.303
96.299	0.303
96.399	0.304
96.499	0.304
96.599	0.305
96.699	0.306
96.799	0.306
96.899	0.307
96.999	0.307
97.099	0.308
97.199	0.309
97.299	0.309
97.399	0.310
97.499	0.310
97.599	0.311
97.699	0.312
97.799	0.312
97.899	0.313
97.999	0.313
98.099	0.314
98.199	0.315
98.299	0.315
98.399	0.316
98.499	0.317
98.599	0.317
98.699	0.318
98.799	0.318
98.899	0.319
98.999	0.320
99.099	0.320
99.199	0.321
99.299	0.321
99.399	0.322
99.499	0.323
99.599	0.323
99.699	0.324
99.799	0.325
99.899	0.325
99.999	0.326
