aoa	lift	drag	lvsd
-5.0	-0.968	0.083	-11.636
-4.9	-0.939	0.082	-11.440
-4.8	-0.909	0.082	-11.052
-4.7	-0.879	0.083	-10.598
-4.6	-0.850	0.084	-10.150
-4.5	-0.820	0.084	-9.708
-4.4	-0.790	0.085	-9.271
-4.3	-0.760	0.086	-8.840
-4.2	-0.731	0.087	-8.415
-4.1	-0.701	0.088	-7.996
-4.0	-0.671	0.088	-7.583
-3.9	-0.641	0.089	-7.176
-3.8	-0.611	0.090	-6.776
-3.7	-0.582	0.091	-6.382
-3.6	-0.552	0.092	-5.995
-3.5	-0.522	0.093	-5.614
-3.4	-0.492	0.094	-5.239
-3.3	-0.462	0.095	-4.871
-3.2	-0.433	0.096	-4.510
-3.1	-0.403	0.097	-4.155
-3.0	-0.373	0.098	-3.807
-2.9	-0.343	0.099	-3.465
-2.8	-0.313	0.100	-3.130
-2.7	-0.283	0.101	-2.801
-2.6	-0.254	0.102	-2.479
-2.5	-0.224	0.103	-2.164
-2.4	-0.194	0.105	-1.855
-2.3	-0.164	0.106	-1.553
-2.2	-0.134	0.107	-1.256
-2.1	-0.105	0.108	-0.967
-2.0	-0.075	0.109	-0.683
-1.9	-0.045	0.111	-0.406
-1.8	-0.015	0.112	-0.135
-1.7	0.015	0.113	0.130
-1.6	0.044	0.115	0.389
-1.5	0.074	0.116	0.641
-1.4	0.104	0.117	0.888
-1.3	0.134	0.119	1.129
-1.2	0.164	0.120	1.364
-1.1	0.193	0.121	1.594
-1.0	0.223	0.123	1.818
-0.9	0.253	0.124	2.036
-0.8	0.283	0.126	2.249
-0.7	0.313	0.127	2.456
-0.6	0.342	0.129	2.658
-0.5	0.372	0.130	2.855
-0.4	0.402	0.132	3.047
-0.3	0.432	0.133	3.234
-0.2	0.461	0.135	3.415
-0.1	0.491	0.137	3.592
-0.0	0.521	0.138	3.764
0.1	0.550	0.140	3.931
0.2	0.580	0.142	4.094
0.3	0.610	0.143	4.252
0.4	0.640	0.145	4.406
0.5	0.669	0.147	4.555
0.6	0.699	0.149	4.701
0.7	0.729	0.150	4.841
0.8	0.758	0.152	4.978
0.9	0.788	0.154	5.111
1.0	0.817	0.156	5.240
1.1	0.847	0.158	5.365
1.2	0.877	0.160	5.486
1.3	0.906	0.162	5.603
1.4	0.936	0.164	5.717
1.5	0.965	0.166	5.828
1.6	0.995	0.168	5.935
1.7	1.024	0.170	6.038
1.8	1.054	0.172	6.138
1.9	1.083	0.174	6.235
2.0	1.113	0.176	6.329
2.1	1.142	0.178	6.420
2.2	1.172	0.180	6.508
2.3	1.201	0.182	6.592
2.4	1.231	0.184	6.674
2.5	1.260	0.187	6.753
2.6	1.290	0.189	6.830
2.7	1.319	0.191	6.904
2.8	1.348	0.193	6.975
2.9	1.378	0.196	7.043
3.0	1.407	0.198	7.109
3.1	1.436	0.200	7.173
3.2	1.466	0.203	7.235
3.3	1.495	0.205	7.294
3.4	1.524	0.207	7.350
3.5	1.553	0.210	7.405
3.6	1.583	0.212	7.458
3.7	1.612	0.215	7.508
3.8	1.641	0.217	7.556
3.9	1.670	0.220	7.603
4.0	1.699	0.222	7.647
4.1	1.728	0.225	7.690
4.2	1.757	0.227	7.731
4.3	1.786	0.230	7.770
4.4	1.815	0.233	7.807
4.5	1.844	0.235	7.843
4.6	1.873	0.238	7.877
4.7	1.902	0.241	7.909
4.8	1.931	0.243	7.940
4.9	1.960	0.246	7.970
5.0	1.989	0.249	7.998
5.1	2.018	0.251	8.024
5.2	2.047	0.254	8.049
5.3	2.076	0.257	8.073
5.4	2.104	0.260	8.095
5.5	2.133	0.263	8.117
5.6	2.162	0.266	8.136
5.7	2.191	0.269	8.155
5.8	2.219	0.272	8.173
5.9	2.248	0.275	8.189
6.0	2.277	0.277	8.204
6.1	2.305	0.280	8.218
6.2	2.334	0.284	8.232
6.3	2.362	0.287	8.244
6.4	2.391	0.290	8.255
6.5	2.419	0.293	8.265
6.6	2.448	0.296	8.274
6.7	2.476	0.299	8.282
6.8	2.505	0.302	8.290
6.9	2.533	0.305	8.296
7.0	2.561	0.309	8.302
7.1	2.590	0.312	8.307
7.2	2.618	0.315	8.311
7.3	2.646	0.318	8.315
7.4	2.674	0.322	8.317
7.5	2.702	0.325	8.319
7.6	2.731	0.328	8.321
7.7	2.759	0.332	8.322
7.8	2.787	0.335	8.322
7.9	2.815	0.338	8.321
8.0	2.843	0.342	8.320
8.1	2.871	0.345	8.317
8.2	2.899	0.349	8.302
8.3	2.926	0.353	8.288
8.4	2.954	0.357	8.273
8.5	2.982	0.361	8.258
8.6	3.010	0.365	8.243
8.7	3.037	0.369	8.228
8.8	3.065	0.373	8.212
8.9	3.092	0.377	8.196
9.0	3.120	0.381	8.180
9.1	3.147	0.386	8.164
9.2	3.175	0.390	8.148
9.3	3.202	0.394	8.131
9.4	3.230	0.398	8.114
9.5	3.257	0.402	8.097
9.6	3.284	0.406	8.080
9.7	3.312	0.411	8.063
9.8	3.339	0.415	8.046
9.9	3.366	0.419	8.028
10.0	3.393	0.424	8.010
10.1	3.420	0.428	7.993
10.2	3.447	0.432	7.975
10.3	3.474	0.437	7.957
10.4	3.501	0.441	7.939
10.5	3.528	0.445	7.920
10.6	3.555	0.450	7.902
10.7	3.582	0.454	7.884
10.8	3.609	0.459	7.865
10.9	3.635	0.463	7.847
11.0	3.662	0.468	7.828
11.1	3.689	0.472	7.809
11.2	3.715	0.477	7.791
11.3	3.742	0.481	7.772
11.4	3.768	0.486	7.753
11.5	3.795	0.491	7.734
11.6	3.821	0.495	7.715
11.7	3.848	0.500	7.696
11.8	3.874	0.505	7.677
11.9	3.900	0.509	7.658
12.0	3.926	0.514	7.638
12.1	3.953	0.519	7.619
12.2	3.979	0.524	7.600
12.3	4.005	0.528	7.581
12.4	4.029	0.533	7.561
12.5	4.052	0.537	7.541
12.6	4.073	0.542	7.520
12.7	4.091	0.546	7.498
12.8	4.107	0.549	7.476
12.9	4.120	0.553	7.454
13.0	4.131	0.556	7.431
13.1	4.139	0.559	7.408
13.2	4.145	0.561	7.385
13.3	4.149	0.564	7.361
13.4	4.150	0.566	7.337
13.5	4.149	0.567	7.313
13.6	4.146	0.569	7.289
13.7	4.141	0.570	7.264
13.8	4.133	0.571	7.239
13.9	4.123	0.572	7.214
14.0	4.112	0.572	7.189
14.1	4.098	0.572	7.163
14.2	4.082	0.572	7.138
14.3	4.064	0.571	7.112
14.4	4.044	0.571	7.086
14.5	4.023	0.570	7.060
14.6	3.999	0.569	7.034
14.7	3.974	0.567	7.008
14.8	3.948	0.565	6.982
14.9	3.919	0.563	6.956
15.0	3.890	0.561	6.930
15.1	3.858	0.559	6.904
15.2	3.825	0.556	6.877
15.3	3.791	0.553	6.851
15.4	3.756	0.550	6.825
15.5	3.720	0.547	6.799
15.6	3.682	0.544	6.772
15.7	3.643	0.540	6.746
15.8	3.604	0.536	6.720
15.9	3.563	0.532	6.694
16.0	3.522	0.528	6.668
16.1	3.480	0.524	6.642
16.2	3.437	0.520	6.616
16.3	3.394	0.515	6.590
16.4	3.350	0.510	6.564
16.5	3.306	0.506	6.538
16.6	3.262	0.501	6.513
16.7	3.218	0.496	6.488
16.8	3.173	0.491	6.462
16.9	3.129	0.486	6.437
17.0	3.084	0.481	6.413
17.1	3.040	0.476	6.388
17.2	2.996	0.471	6.364
17.3	2.953	0.466	6.340
17.4	2.910	0.461	6.316
17.5	2.868	0.456	6.293
17.6	2.827	0.451	6.270
17.7	2.786	0.446	6.248
17.8	2.747	0.441	6.225
17.9	2.709	0.437	6.204
18.0	2.672	0.432	6.183
18.1	2.636	0.428	6.162
18.2	2.602	0.424	6.142
18.3	2.570	0.420	6.122
18.4	2.538	0.416	6.104
18.5	2.508	0.412	6.086
18.6	2.479	0.408	6.069
18.7	2.451	0.405	6.052
18.8	2.425	0.402	6.037
18.9	2.400	0.399	6.023
19.0	2.377	0.396	6.009
19.1	2.357	0.393	5.996
19.2	2.339	0.391	5.985
19.3	2.323	0.389	5.974
19.4	2.310	0.387	5.965
19.5	2.300	0.386	5.956
19.6	2.293	0.386	5.949
19.7	2.290	0.385	5.942
19.8	2.288	0.385	5.936
19.9	2.286	0.386	5.929
20.0	2.284	0.386	5.923
20.1	2.282	0.386	5.916
20.2	2.281	0.386	5.910
20.3	2.280	0.386	5.904
20.4	2.279	0.386	5.897
20.5	2.278	0.387	5.891
20.6	2.278	0.387	5.884
20.7	2.278	0.388	5.877
20.8	2.279	0.388	5.871
20.9	2.280	0.389	5.864
21.0	2.282	0.390	5.857
21.1	2.284	0.391	5.849
21.2	2.287	0.391	5.842
21.3	2.290	0.392	5.835
21.4	2.293	0.394	5.827
21.5	2.297	0.395	5.819
21.6	2.301	0.396	5.812
21.7	2.306	0.397	5.804
21.8	2.311	0.399	5.796
21.9	2.317	0.400	5.787
22.0	2.324	0.402	5.779
22.1	2.331	0.404	5.770
22.2	2.339	0.406	5.761
22.3	2.348	0.408	5.751
22.4	2.358	0.411	5.741
22.5	2.368	0.413	5.731
22.6	2.380	0.416	5.720
22.7	2.392	0.419	5.709
22.8	2.404	0.422	5.699
22.9	2.416	0.425	5.688
23.0	2.428	0.428	5.677
23.1	2.440	0.431	5.666
23.2	2.451	0.433	5.655
23.3	2.462	0.436	5.644
23.4	2.473	0.439	5.633
23.5	2.484	0.442	5.623
23.6	2.494	0.444	5.612
23.7	2.504	0.447	5.601
23.8	2.514	0.450	5.590
23.9	2.524	0.452	5.580
24.0	2.533	0.455	5.569
24.1	2.542	0.457	5.559
24.2	2.551	0.460	5.548
24.3	2.559	0.462	5.538
24.4	2.567	0.464	5.528
24.5	2.575	0.467	5.518
24.6	2.582	0.469	5.508
24.7	2.589	0.471	5.498
24.8	2.596	0.473	5.488
24.9	2.603	0.475	5.478
